EAN,ASIN
9782343195605,
9782343195612,
9782343195629,2343195625
9782343195636,
9782343195643,2343195641
9782343195650,
9782343195667,2343195668
9782343195674,
9782343195681,
9782343195698,
9782343195704,
9782343195711,2343195714
9782343195728,
9782343195735,2343195730
9782343195759,
9782343195766,
9782343195773,
9782343195780,
9782343195797,
9782343195803,2343195803
9782343195810,2343195811
9782343195834,
9782343195841,2343195846
9782343195858,
9782343195865,2343195862
9782343195872,
9782343195896,2343195897
9782343195902,2343195900
9782343195919,2343195919
9782343195926,2343195927
9782343195940,2343195943
9782343195957,
9782343195964,234319596X
9782343195971,2343195978
9782343195988,2343195986
9782343195995,2343195994
9782343196008,
9782343196015,
9782343196022,2343196028
9782343196039,2343196036
9782343196046,2343196044
9782343196053,
9782343196060,2343196060
9782343196077,2343196079
9782343196084,
9782343196091,
9782343196107,2343196109
9782343196114,2343196117
9782343196121,
9782343196138,
9782343196145,2343196141
9782343196152,234319615X
9782343196169,
9782343196176,2343196176
9782343196190,2343196192
9782343196206,2343196206
9782343196213,2343196214
9782343196220,
9782343196237,2343196230
9782343196244,
9782343196251,2343196257
9782343196268,2343196265
9782343196282,
9782343196299,234319629X
9782343196305,
9782343196312,
9782343196329,
9782343196336,
9782343196343,
9782343196350,2343196354
9782343196367,2343196362
9782343196374,2343196370
9782343196381,2343196389
9782343196398,2343196397
9782343196404,
9782343196411,
9782343196428,2343196427
9782343196435,2343196435
9782343196442,
9782343196459,
9782343196466,234319646X
9782343196473,
9782343196480,
9782343196497,2343196494
9782343196503,
9782343196510,
9782343196527,
9782343196534,
9782343196541,2343196540
9782343196558,
9782343196565,
9782343196572,2343196575
9782343196589,
9782343196596,
9782343196602,2343196605
9782343196619,2343196613
9782343196626,2343196621
9782343196633,
9782343196640,
9782343196657,2343196656
9782343196664,2343196664
9782343196671,2343196672
9782343196688,2343196680
9782343196695,
9782343196701,2343196702
9782343196718,2343196710
9782343196725,
9782343196732,
9782343196756,2343196753
9782343196763,2343196761
9782343196770,
9782343196787,
9782343196794,
9782343196800,234319680X
9782343196817,2343196818
9782343196824,
9782343196831,2343196834
9782343196848,
9782343196855,
9782343196862,2343196869
9782343196879,
9782343196886,
9782343196893,2343196893
9782343196909,
9782343196916,2343196915
9782343196923,2343196923
9782343196930,
9782343196947,234319694X
9782343196954,
9782343196961,
9782343196978,2343196974
9782343196985,
9782343196992,
9782343197005,2343197008
9782343197012,
9782343197029,2343197024
9782343197036,
9782343197043,
9782343197050,
9782343197067,2343197067
9782343197074,2343197075
9782343197081,
9782343197098,
9782343197104,2343197105
9782343197111,2343197113
9782343197128,2343197121
9782343197135,234319713X
9782343197142,2343197148
9782343197159,
9782343197166,2343197164
9782343197173,2343197172
9782343197180,
9782343197197,2343197199
9782343197203,
9782343197210,2343197210
9782343197227,2343197229
9782343197234,2343197237
9782343197241,2343197245
9782343197258,2343197253
9782343197265,
9782343197272,
9782343197289,2343197288
9782343197296,2343197296
9782343197302,
9782343197319,
9782343197326,2343197326
9782343197333,
9782343197340,
9782343197357,2343197350
9782343197364,
9782343197371,2343197377
9782343197388,
9782343197418,2343197415
9782343197425,
9782343197432,2343197431
9782343197449,234319744X
9782343197456,2343197458
9782343197463,
9782343197470,
9782343197487,2343197482
9782343197494,2343197490
9782343197500,2343197504
9782343197517,2343197512
9782343197524,2343197520
9782343197531,2343197539
9782343197548,
9782343197555,2343197555
9782343197562,
9782343197579,2343197571
9782343197586,
9782343197593,
9782343197609,
9782343197616,
9782343197623,2343197628
9782343197630,2343197636
9782343197647,2343197644
9782343197654,
9782343197661,2343197660
9782343197678,2343197679
9782343197685,
9782343197692,
9782343197708,
9782343197739,2343197733
9782343197746,
9782343197753,
9782343197760,2343197768
9782343197777,2343197776
9782343197784,
9782343197791,2343197792
9782343197807,2343197806
9782343197814,2343197814
9782343197821,
9782343197838,2343197830
9782343197845,
9782343197852,
9782343197869,
9782343197876,2343197873
9782343197883,
9782343197890,234319789X
9782343197913,
9782343197920,234319792X
9782343197944,2343197946
9782343197951,
9782343197968,
9782343197975,2343197970
9782343197982,2343197989
9782343197999,2343197997
9782343198019,
9782343198026,2343198020
9782343198033,
9782343198040,2343198047
9782343198057,2343198055
9782343198064,
9782343198071,2343198071
9782343198088,
9782343198095,2343198098
9782343198125,
9782343198132,2343198136
9782343198149,2343198144
9782343198156,2343198152
9782343198163,2343198160
9782343198170,
9782343198187,2343198187
9782343198194,
9782343198200,
9782343198217,
9782343198224,
9782343198231,
9782343198248,2343198241
9782343198255,
9782343198279,
9782343198286,2343198284
9782343198293,2343198292
9782343198309,
9782343198316,
9782343198323,
9782343198330,2343198330
9782343198347,
9782343198354,2343198357
9782343198361,
9782343198378,
9782343198385,2343198381
9782343198392,
9782343198408,
9782343198415,2343198411
9782343198422,
9782343198439,2343198438
9782343198446,
9782343198453,
9782343198460,
9782343198477,2343198470
9782343198484,
9782343198491,2343198497
9782343198507,2343198500
9782343198514,2343198519
9782343198521,2343198527
9782343198538,
9782343198545,
9782343198552,
9782343198569,
9782343198576,2343198578
9782343198583,2343198586
9782343198590,2343198594
9782343198606,
9782343198613,2343198616
9782343198620,2343198624
9782343198637,
9782343198644,2343198640
9782343198651,
9782343198668,2343198667
9782343198675,
9782343198682,2343198683
9782343198699,2343198691
9782343198705,
9782343198712,
9782343198729,2343198721
9782343198736,
9782343198743,
9782343198750,
9782343198767,
9782343198774,
9782343198781,
9782343198798,
9782343198804,
9782343198811,
9782343198828,2343198829
9782343198835,2343198837
9782343198842,2343198845
9782343198866,2343198861
9782343198880,2343198888
9782343198903,234319890X
9782343198910,2343198918
9782343198927,2343198926
9782343198934,2343198934
9782343198941,
9782343198958,
9782343198965,
9782343198972,
9782343198989,2343198985
9782343199009,2343199000
9782343199016,
9782343199023,
9782343199030,
9782343199047,2343199043
9782343199054,2343199051
9782343199085,
9782343199092,2343199094
9782343199108,2343199108
9782343199115,2343199116
9782343199122,2343199124
9782343199139,2343199132
9782343199146,
9782343199153,
9782343199160,2343199167
9782343199177,
9782343199184,
9782343199191,
9782343199207,2343199205
9782343199214,2343199213
9782343199221,
9782343199238,234319923X
9782343199245,2343199248
9782343199252,
9782343199269,
9782343199276,2343199272
9782343199283,2343199280
9782343199290,
9782343199306,2343199302
9782343199320,
9782343199337,
9782343199344,2343199345
9782343199351,
9782343199368,2343199361
9782343199375,234319937X
9782343199382,
9782343199399,
9782343199405,
9782343199412,
9782343199429,
9782343199436,
9782343199443,2343199442
9782343199450,2343199450
9782343199467,
9782343199474,2343199477
9782343199481,
9782343199498,
9782343199504,
9782343199511,2343199515
9782343199528,2343199523
9782343199535,
9782343199542,
9782343199559,
9782343199566,
9782343199573,
9782343199597,2343199590
9782343199603,2343199604
9782343199610,
9782343199627,2343199620
9782343199634,
9782343199641,
9782343199658,
9782343199665,
9782343199672,2343199671
9782343199689,234319968X
9782343199696,2343199698
9782343199702,
9782343199719,234319971X
9782343199726,
9782343199733,
9782343199740,2343199744
9782343199757,2343199752
9782343199764,2343199760
9782343199771,2343199779
9782343199788,2343199787
9782343199795,2343199795
9782343199801,2343199809
9782343199818,
9782343199825,2343199825
9782343199832,2343199833
9782343199849,2343199841
9782343199856,234319985X
9782343199863,2343199868
9782343199870,
9782343199887,
9782343199894,
9782343199900,2343199906
9782343199917,2343199914
9782343199924,
9782343199931,2343199930
9782343199948,
9782343199955,2343199957
9782343199962,2343199965
9782343199979,2343199973
9782343199986,2343199981
9782343199993,
9782343200002,
9782343200019,
9782343200026,
9782343200040,
9782343200057,234320005X
9782343200064,
9782343200071,
9782343200088,
9782343200095,2343200092
9782343200101,
9782343200125,
9782343200132,
9782343200149,
9782343200156,
9782343200163,2343200165
9782343200170,2343200173
9782343200187,2343200181
9782343200194,234320019X
9782343200200,2343200203
9782343200217,
9782343200224,
9782343200231,
9782343200248,2343200246
9782343200255,
9782343200262,
9782343200279,
9782343200286,
9782343200293,
9782343200309,
9782343200316,
9782343200323,2343200327
9782343200330,
9782343200347,2343200343
9782343200354,
9782343200361,234320036X
9782343200378,
9782343200385,2343200386
9782343200392,2343200394
9782343200408,2343200408
9782343200415,2343200416
9782343200422,
9782343200439,
9782343200446,2343200440
9782343200453,2343200459
9782343200460,
9782343200477,
9782343200484,
9782343200491,2343200491
9782343200507,2343200505
9782343200514,2343200513
9782343200521,2343200521
9782343200545,
9782343200552,2343200556
9782343200569,
9782343200576,
9782343200583,
9782343200590,2343200599
9782343200606,2343200602
9782343200613,
9782343200620,2343200629
9782343200637,
9782343200644,2343200645
9782343200651,2343200653
9782343200668,2343200661
9782343200675,
9782343200682,2343200688
9782343200699,
9782343200705,
9782343200712,
9782343200729,
9782343200736,
9782343200743,
9782343200750,
9782343200767,
9782343200774,
9782343200781,2343200785
9782343200798,2343200793
9782343200811,
9782343200828,
9782343200835,
9782343200842,
9782343200859,2343200858
9782343200866,2343200866
9782343200873,
9782343200880,2343200882
9782343200897,2343200890
9782343200903,2343200904
9782343200910,2343200912
9782343200927,
9782343200934,
9782343200941,
9782343200958,
9782343200965,2343200963
9782343200972,
9782343200996,2343200998
9782343201009,2343201005
9782343201016,2343201013
9782343201023,2343201021
9782343201030,234320103X
9782343201047,2343201048
9782343201054,
9782343201061,
9782343201078,
9782343201085,
9782343201092,2343201099
9782343201115,2343201110
9782343201122,2343201129
9782343201139,
9782343201146,
9782343201153,2343201153
9782343201160,2343201161
9782343201177,234320117X
9782343201184,
9782343201207,
9782343201214,
9782343201221,
9782343201238,
9782343201252,
9782343201269,2343201269
9782343201276,
9782343201283,2343201285
9782343201290,
9782343201306,
9782343201313,
9782343201320,
9782343201337,2343201331
9782343201351,
9782343201368,2343201366
9782343201375,
9782343201382,
9782343201399,
9782343201405,
9782343201412,
9782343201429,
9782343201436,
9782343201443,2343201447
9782343201450,2343201455
9782343201467,2343201463
9782343201481,
9782343201498,2343201498
9782343201504,
9782343201511,
9782343201528,
9782343201535,
9782343201542,2343201544
9782343201559,
9782343201566,
9782343201573,
9782343201580,2343201587
9782343201597,2343201595
9782343201603,
9782343201610,
9782343201627,
9782343201634,2343201633
9782343201641,2343201641
9782343201658,234320165X
9782343201665,
9782343201672,2343201676
9782343201689,2343201684
9782343201696,2343201692
9782343201702,
9782343201719,
9782343201726,
9782343201733,
9782343201740,
9782343201757,2343201757
9782343201764,
9782343201771,
9782343201788,2343201781
9782343201795,
9782343201801,2343201803
9782343201818,
9782343201825,
9782343201832,
9782343201849,
9782343201856,2343201854
9782343201863,2343201862
9782343201870,
9782343201887,
9782343201900,
9782343201917,
9782343201931,2343201935
9782343201948,2343201943
9782343201955,2343201951
9782343201962,
9782343201979,
9782343201986,2343201986
9782343201993,2343201994
9782343202006,2343202001
9782343202013,234320201X
9782343202020,2343202028
9782343202037,
9782343202044,2343202044
9782343202051,
9782343202068,
9782343202075,
9782343202082,2343202087
9782343202099,2343202095
9782343202105,
9782343202112,
9782343202129,
9782343202136,2343202133
9782343202143,
9782343202150,
9782343202167,
9782343202174,
9782343202181,
9782343202198,2343202192
9782343202204,
9782343202211,2343202214
9782343202228,2343202222
9782343202235,
9782343202242,
9782343202259,2343202257
9782343202266,2343202265
9782343202273,2343202273
9782343202280,2343202281
9782343202297,234320229X
9782343202303,2343202303
9782343202310,2343202311
9782343202327,234320232X
9782343202334,2343202338
9782343202341,
9782343202358,
9782343202365,2343202362
9782343202372,
9782343202389,2343202389
9782343202396,2343202397
9782343202402,
9782343202419,
9782343202426,
9782343202440,2343202443
9782343202457,2343202451
9782343202464,234320246X
9782343202471,
9782343202488,2343202486
9782343202495,2343202494
9782343202501,
9782343202518,
9782343202525,
9782343202532,2343202532
9782343202549,
9782343202556,2343202559
9782343202563,
9782343202570,
9782343202587,
9782343202594,2343202591
9782343202600,
9782343202617,2343202613
9782343202624,2343202621
9782343202631,234320263X
9782343202648,2343202648
9782343202655,
9782343202662,
9782343202679,2343202672
9782343202693,2343202699
9782343202709,
9782343202723,
9782343202747,
9782343202754,
9782343202761,
9782343202778,
9782343202785,2343202788
9782343202792,2343202796
9782343202808,
9782343202815,
9782343202822,
9782343202839,2343202834
9782343202846,2343202842
9782343202853,2343202850
9782343202860,
9782343202877,2343202877
9782343202884,
9782343202891,
9782343202907,
9782343202914,2343202915
9782343202921,2343202923
9782343202938,2343202931
9782343202945,234320294X
9782343202952,2343202958
9782343202969,2343202966
9782343202976,2343202974
9782343202990,2343202990
9782343203003,
9782343203010,2343203016
9782343203027,2343203024
9782343203034,2343203032
9782343203041,2343203040
9782343203058,2343203059
9782343203065,
9782343203072,
9782343203089,2343203083
9782343203096,
9782343203102,
9782343203119,
9782343203126,
9782343203133,
9782343203140,
9782343203157,2343203156
9782343203171,2343203172
9782343203188,
9782343203195,
9782343203201,
9782343203218,
9782343203225,
9782343203232,2343203237
9782343203249,
9782343203256,2343203253
9782343203263,2343203261
9782343203270,
9782343203287,2343203288
9782343203294,
9782343203300,234320330X
9782343203317,2343203318
9782343203324,
9782343203331,
9782343203348,2343203342
9782343203355,
9782343203362,
9782343203379,2343203377
9782343203386,
9782343203393,
9782343203409,
9782343203416,
9782343203423,
9782343203430,2343203431
9782343203447,
9782343203454,2343203458
9782343203478,2343203474
9782343203492,2343203490
9782343203508,
9782343203515,
9782343203522,
9782343203539,
9782343203546,
9782343203553,
9782343203560,
9782343203577,
9782343203584,234320358X
9782343203607,
9782343203614,234320361X
9782343203621,2343203628
9782343203638,2343203636
9782343203645,
9782343203652,
9782343203676,2343203679
9782343203683,
9782343203690,
9782343203706,2343203709
9782343203713,2343203717
9782343203720,2343203725
9782343203737,2343203733
9782343203744,2343203741
9782343203751,234320375X
9782343203768,
9782343203775,
9782343203782,2343203784
9782343203799,
9782343203805,2343203806
9782343203812,2343203814
9782343203829,
9782343203836,2343203830
9782343203843,2343203849
9782343203850,
9782343203867,
9782343203881,2343203881
9782343203898,
9782343203904,2343203903
9782343203911,2343203911
9782343203928,
9782343203942,
9782343203959,
9782343203966,
9782343203973,2343203970
9782343203980,2343203989
9782343203997,2343203997
9782343204000,
9782343204017,
9782343204024,2343204020
9782343204048,2343204047
9782343204055,2343204055
9782343204062,
9782343204079,2343204071
9782343204086,
9782343204093,2343204098
9782343204109,
9782343204116,
9782343204123,
9782343204130,
9782343204147,2343204144
9782343204154,2343204152
9782343204161,
9782343204178,2343204179
9782343204185,2343204187
9782343204192,
9782343204208,2343204209
9782343204215,2343204217
9782343204222,
9782343204239,
9782343204246,
9782343204253,234320425X
9782343204260,
9782343204277,2343204276
9782343204284,
9782343204291,2343204292
9782343204307,
9782343204314,2343204314
9782343204321,2343204322
9782343204338,2343204330
9782343204345,2343204349
9782343204352,
9782343204369,2343204365
9782343204376,
9782343204383,2343204381
9782343204390,
9782343204406,
9782343204413,2343204411
9782343204420,234320442X
9782343204437,2343204438
9782343204444,
9782343204451,
9782343204468,
9782343204475,2343204470
9782343204482,2343204489
9782343204499,
9782343204505,
9782343204512,2343204519
9782343204529,
9782343204536,2343204535
9782343204543,
9782343204550,
9782343204567,
9782343204574,
9782343204581,2343204586
9782343204598,2343204594
9782343204604,
9782343204611,
9782343204628,
9782343204635,
9782343204642,
9782343204659,2343204659
9782343204666,
9782343204673,2343204675
9782343204680,
9782343204697,2343204691
9782343204703,2343204705
9782343204710,2343204713
9782343204727,2343204721
9782343204734,234320473X
9782343204741,2343204748
9782343204758,2343204756
9782343204765,
9782343204772,2343204772
9782343204789,2343204780
9782343204796,
9782343204802,
9782343204819,
9782343204826,2343204829
9782343204833,2343204837
9782343204840,
9782343204857,
9782343204864,
9782343204871,234320487X
9782343204888,
9782343204895,2343204896
9782343204901,
9782343204918,2343204918
9782343204925,2343204926
9782343204932,2343204934
9782343204956,
9782343204963,2343204969
9782343204970,2343204977
9782343204987,2343204985
9782343204994,2343204993
9782343205007,2343205000
9782343205014,
9782343205021,2343205027
9782343205038,2343205035
9782343205045,
9782343205052,2343205051
9782343205069,
9782343205076,
9782343205083,
9782343205090,2343205094
9782343205106,
9782343205113,2343205116
9782343205120,2343205124
9782343205137,2343205132
9782343205144,
9782343205151,2343205159
9782343205168,
9782343205175,2343205175
9782343205182,
9782343205199,2343205191
9782343205205,
9782343205212,2343205213
9782343205229,2343205221
9782343205236,234320523X
9782343205243,
9782343205250,2343205256
9782343205267,2343205264
9782343205274,2343205272
9782343205298,
9782343205304,2343205302
9782343205311,
9782343205328,
9782343205335,2343205337
9782343205342,
9782343205359,2343205353
9782343205366,
9782343205373,
9782343205380,
9782343205397,2343205396
9782343205403,234320540X
9782343205410,2343205418
9782343205427,
9782343205434,
9782343205441,
9782343205458,2343205450
9782343205465,
9782343205489,
9782343205496,
9782343205502,
9782343205526,2343205523
9782343205533,2343205531
9782343205557,
9782343205564,2343205566
9782343205571,2343205574
9782343205588,2343205582
9782343205601,
9782343205618,
9782343205625,2343205620
9782343205632,
9782343205649,2343205647
9782343205656,2343205655
9782343205663,2343205663
9782343205670,
9782343205687,234320568X
9782343205694,2343205698
9782343205700,2343205701
9782343205717,
9782343205724,
9782343205731,
9782343205748,2343205744
9782343205755,
9782343205762,
9782343205779,
9782343205786,
9782343205793,2343205795
9782343205809,
9782343205816,
9782343205823,
9782343205830,2343205833
9782343205847,2343205841
9782343205854,234320585X
9782343205861,2343205868
9782343205878,
9782343205892,
9782343205908,2343205906
9782343205915,
9782343205922,
9782343205939,2343205930
9782343205946,
9782343205960,2343205965
9782343205977,
9782343205984,2343205981
9782343205991,234320599X
9782343206004,
9782343206011,2343206015
9782343206028,
9782343206035,2343206031
9782343206042,
9782343206059,2343206058
9782343206066,2343206066
9782343206073,
9782343206080,2343206082
9782343206097,
9782343206103,2343206104
9782343206110,
9782343206127,2343206120
9782343206134,
9782343206141,
9782343206158,
9782343206165,2343206163
9782343206172,2343206171
9782343206196,
9782343206202,
9782343206219,234320621X
9782343206226,
9782343206233,
9782343206257,
9782343206264,
9782343206271,2343206279
9782343206288,2343206287
9782343206295,2343206295
9782343206301,
9782343206318,2343206317
9782343206325,
9782343206332,
9782343206349,
9782343206356,234320635X
9782343206363,2343206368
9782343206370,
9782343206394,2343206392
9782343206400,2343206406
9782343206417,
9782343206424,
9782343206431,
9782343206448,
9782343206455,2343206457
9782343206462,
9782343206479,2343206473
9782343206493,
9782343206509,
9782343206516,
9782343206523,234320652X
9782343206530,
9782343206561,
9782343206578,2343206570
9782343206585,2343206589
9782343206592,
9782343206608,2343206600
9782343206615,2343206619
9782343206639,
9782343206646,2343206643
9782343206653,2343206651
9782343206660,234320666X
9782343206684,2343206686
9782343206691,2343206694
9782343206707,
9782343206714,2343206716
9782343206721,
9782343206738,
9782343206745,2343206740
9782343206752,
9782343206769,2343206767
9782343206776,
9782343206783,
9782343206790,2343206791
9782343206806,
9782343206813,
9782343206820,
9782343206837,
9782343206844,
9782343206851,2343206856
9782343206868,
9782343206875,
9782343206882,
9782343206899,
9782343206905,
9782343206912,2343206910
9782343206929,
9782343206936,
9782343206943,2343206945
9782343206950,2343206953
9782343206967,
9782343206974,234320697X
9782343206981,2343206988
9782343206998,2343206996
9782343207001,2343207003
9782343207018,2343207011
9782343207025,234320702X
9782343207049,
9782343207056,
9782343207063,
9782343207070,
9782343207087,2343207089
9782343207094,
9782343207100,2343207100
9782343207117,2343207119
9782343207124,2343207127
9782343207131,
9782343207148,
9782343207155,
9782343207162,234320716X
9782343207179,
9782343207186,2343207186
9782343207193,
9782343207209,
9782343207216,
9782343207223,
9782343207247,2343207240
9782343207254,
9782343207261,
9782343207285,2343207283
9782343207292,
9782343207308,2343207305
9782343207315,
9782343207322,2343207321
9782343207346,2343207348
9782343207353,
9782343207360,
9782343207377,
9782343207384,
9782343207391,
9782343207414,
9782343207421,
9782343207438,
9782343207445,
9782343207452,
9782343207469,2343207461
9782343207476,
9782343207483,2343207488
9782343207490,2343207496
9782343207506,
9782343207513,2343207518
9782343207520,2343207526
9782343207537,2343207534
9782343207544,2343207542
9782343207551,2343207550
9782343207568,2343207569
9782343207575,
9782343207582,
9782343207599,
9782343207605,2343207607
9782343207612,2343207615
9782343207643,
9782343207650,2343207658
9782343207667,2343207666
9782343207674,
9782343207681,
9782343207698,
9782343207704,
9782343207728,
9782343207735,2343207739
9782343207742,
9782343207759,2343207755
9782343207766,
9782343207773,
9782343207797,2343207798
9782343207803,
9782343207810,
9782343207827,
9782343207834,
9782343207841,2343207844
9782343207858,2343207852
9782343207865,
9782343207872,2343207879
9782343207889,
9782343207896,
9782343207902,
9782343207919,
9782343207926,2343207925
9782343207933,2343207933
9782343207957,234320795X
9782343207964,2343207968
9782343207971,2343207976
9782343207988,
9782343208008,
9782343208015,2343208018
9782343208022,2343208026
9782343208039,2343208034
9782343208046,
9782343208053,
9782343208060,
9782343208077,
9782343208091,
9782343208107,2343208107
9782343208114,2343208115
9782343208121,
9782343208138,2343208131
9782343208145,234320814X
9782343208152,
9782343208169,
9782343208176,
9782343208183,
9782343208190,2343208190
9782343208206,2343208204
9782343208213,
9782343208220,2343208220
9782343208237,
9782343208244,
9782343208251,2343208255
9782343208268,2343208263
9782343208275,2343208271
9782343208282,
9782343208299,
9782343208305,2343208301
9782343208312,234320831X
9782343208329,
9782343208336,
9782343208343,
9782343208350,2343208352
9782343208367,2343208360
9782343208374,2343208379
9782343208381,
9782343208398,2343208395
9782343208404,
9782343208411,2343208417
9782343208428,2343208425
9782343208435,2343208433
9782343208442,2343208441
9782343208459,
9782343208473,2343208476
9782343208480,2343208484
9782343208497,2343208492
9782343208503,
9782343208510,
9782343208527,2343208522
9782343208534,
9782343208541,
9782343208558,
9782343208565,2343208565
9782343208572,
9782343208589,
9782343208596,
9782343208602,
9782343208619,2343208611
9782343208626,
9782343208633,
9782343208640,2343208646
9782343208657,
9782343208664,
9782343208671,2343208670
9782343208688,2343208689
9782343208695,
9782343208701,2343208700
9782343208718,
9782343208725,
9782343208732,2343208735
9782343208749,
9782343208756,2343208751
9782343208763,
9782343208770,
9782343208794,2343208794
9782343208800,
9782343208817,2343208816
9782343208824,2343208824
9782343208831,2343208832
9782343208848,2343208840
9782343208855,2343208859
9782343208862,
9782343208879,
9782343208886,
9782343208909,
9782343208916,2343208913
9782343208923,
9782343208930,
9782343208947,2343208948
9782343208978,2343208972
9782343208985,
9782343208992,2343208999
9782343209005,
9782343209050,2343209057
9782343209067,
9782343209074,
9782343209081,
9782343209098,
9782343209111,2343209111
9782343209128,
9782343209135,
9782343209142,
9782343209159,2343209154
9782343209166,2343209162
9782343209173,
9782343209197,
9782343209203,
9782343209210,
9782343209227,
9782343209234,2343209235
9782343209241,
9782343209258,
9782343209265,
9782343209272,
9782343209296,
9782343209302,2343209308
9782343209319,2343209316
9782343209326,
9782343209333,
9782343209340,
9782343209357,
9782343209364,2343209367
9782343209371,
9782343209388,2343209383
9782343209395,
9782343209401,
9782343209425,
9782343209432,
9782343209449,
9782343209456,2343209456
9782343209463,2343209464
9782343209470,
9782343209487,
9782343209494,2343209499
9782343209500,
9782343209517,2343209510
9782343209524,2343209529
9782343209531,
9782343209548,2343209545
9782343209555,2343209553
9782343209562,
9782343209579,234320957X
9782343209586,2343209588
9782343209593,
9782343209609,
9782343209616,2343209618
9782343209647,
9782343209654,
9782343209678,
9782343209685,
9782343209692,2343209693
9782343209708,2343209707
9782343209715,2343209715
9782343209722,
9782343209739,
9782343209746,
9782343209753,2343209758
9782343209777,2343209774
9782343209784,
9782343209791,2343209790
9782343209814,2343209812
9782343209838,
9782343209845,2343209847
9782343209852,2343209855
9782343209876,2343209871
9782343209883,
9782343209890,2343209898
9782343209913,234320991X
9782343209920,
9782343209944,
9782343209951,
9782343209968,2343209960
9782343209975,2343209979
9782343209982,
9782343209999,
9782343210001,
9782343210018,2343210012
9782343210025,2343210020
9782343210032,
9782343210049,
9782343210056,2343210055
9782343210063,
9782343210070,
9782343210087,234321008X
9782343210094,2343210098
9782343210117,
9782343210124,2343210128
9782343210131,2343210136
9782343210148,2343210144
9782343210162,
9782343210179,2343210179
9782343210186,
9782343210193,2343210195
9782343210209,2343210209
9782343210216,
9782343210223,2343210225
9782343210230,2343210233
9782343210247,
9782343210254,234321025X
9782343210261,
9782343210278,
9782343210285,2343210284
9782343210292,2343210292
9782343210308,2343210306
9782343210315,
9782343210322,
9782343210339,
9782343210346,
9782343210353,2343210357
9782343210360,2343210365
9782343210377,2343210373
9782343210384,2343210381
9782343210391,234321039X
9782343210407,2343210403
9782343210414,2343210411
9782343210421,
9782343210438,
9782343210445,
9782343210452,
9782343210469,2343210462
9782343210476,
9782343210483,
9782343210490,2343210497
9782343210506,2343210500
9782343210513,2343210519
9782343210520,
9782343210537,2343210535
9782343210544,
9782343210551,
9782343210568,234321056X
9782343210575,
9782343210582,
9782343210599,
9782343210605,2343210608
9782343210636,
9782343210643,
9782343210650,2343210659
9782343210667,
9782343210674,
9782343210681,
9782343210698,
9782343210704,
9782343210711,
9782343210728,2343210721
9782343210735,234321073X
9782343210742,
9782343210759,
9782343210766,
9782343210773,
9782343210780,
9782343210797,2343210799
9782343210803,
9782343210810,2343210810
9782343210827,2343210829
9782343210834,
9782343210841,2343210845
9782343210858,2343210853
9782343210865,
9782343210872,
9782343210889,
9782343210896,2343210896
9782343210902,234321090X
9782343210926,
9782343210933,
9782343210940,
9782343210957,2343210950
9782343210971,
9782343210988,
9782343210995,2343210993
9782343211008,
9782343211015,
9782343211022,
9782343211039,
9782343211046,
9782343211053,
9782343211060,
9782343211107,
9782343211114,2343211116
9782343211121,2343211124
9782343211138,
9782343211145,
9782343211152,2343211159
9782343211169,2343211167
9782343211176,2343211175
9782343211183,
9782343211190,2343211191
9782343211206,
9782343211213,2343211213
9782343211220,2343211221
9782343211237,234321123X
9782343211244,2343211248
9782343211251,
9782343211268,
9782343211282,2343211280
9782343211299,
9782343211305,2343211302
9782343211312,2343211310
9782343211329,
9782343211336,
9782343211343,2343211345
9782343211350,
9782343211367,
9782343211374,
9782343211381,2343211388
9782343211398,
9782343211404,
9782343211411,2343211418
9782343211428,
9782343211435,2343211434
9782343211442,
9782343211459,2343211450
9782343211466,
9782343211473,2343211477
9782343211480,2343211485
9782343211497,
9782343211503,
9782343211510,2343211515
9782343211527,2343211523
9782343211534,
9782343211541,
9782343211558,2343211558
9782343211565,
9782343211572,
9782343211589,2343211582
9782343211602,
9782343211619,
9782343211626,
9782343211633,
9782343211640,
9782343211657,
9782343211664,
9782343211671,
9782343211688,
9782343211701,
9782343211718,234321171X
9782343211725,
9782343211732,
9782343211749,2343211744
9782343211756,
9782343211763,2343211760
9782343211770,
9782343211787,2343211787
9782343211794,2343211795
9782343211800,
9782343211817,
9782343211824,
9782343211831,
9782343211848,2343211841
9782343211855,
9782343211862,2343211868
9782343211879,2343211876
9782343211886,
9782343211893,
9782343211916,
9782343211923,
9782343211930,2343211930
9782343211954,
9782343211961,2343211965
9782343211978,
9782343211985,2343211981
9782343211992,
9782343212005,
9782343212012,
9782343212029,
9782343212036,
9782343212043,
9782343212050,2343212058
9782343212067,
9782343212074,
9782343212081,2343212082
9782343212098,2343212090
9782343212104,2343212104
9782343212111,
9782343212128,
9782343212142,2343212147
9782343212159,
9782343212166,2343212163
9782343212180,
9782343212197,
9782343212203,
9782343212210,
9782343212227,2343212228
9782343212234,
9782343212241,2343212244
9782343212258,2343212252
9782343212265,2343212260
9782343212272,2343212279
9782343212289,2343212287
9782343212296,2343212295
9782343212319,
9782343212326,2343212325
9782343212333,
9782343212340,
9782343212364,
9782343212371,
9782343212388,2343212384
9782343212395,
9782343212401,2343212406
9782343212418,2343212414
9782343212425,2343212422
9782343212432,
9782343212449,
9782343212456,
9782343212463,
9782343212470,2343212473
9782343212487,2343212481
9782343212494,
9782343212500,
9782343212517,2343212511
9782343212524,
9782343212531,
9782343212548,
9782343212555,
9782343212562,2343212562
9782343212579,2343212570
9782343212586,2343212589
9782343212593,
9782343212609,
9782343212623,2343212627
9782343212630,
9782343212647,
9782343212678,
9782343212685,2343212686
9782343212692,2343212694
9782343212708,
9782343212715,
9782343212722,
9782343212739,
9782343212746,2343212740
9782343212777,
9782343212784,
9782343212791,2343212791
9782343212807,
9782343212814,2343212813
9782343212821,
9782343212838,234321283X
9782343212845,
9782343212852,
9782343212869,2343212864
9782343212876,
9782343212883,2343212880
9782343212890,
9782343212906,
9782343212913,2343212910
9782343212920,2343212929
9782343212937,2343212937
9782343212944,2343212945
9782343212951,
9782343212968,2343212961
9782343212975,234321297X
9782343212999,
9782343213002,2343213003
9782343213019,
9782343213026,
9782343213033,
9782343213040,2343213046
9782343213057,
9782343213064,2343213062
9782343213071,2343213070
9782343213088,2343213089
9782343213095,
9782343213101,
9782343213118,
9782343213125,2343213127
9782343213132,2343213135
9782343213149,
9782343213156,
9782343213163,
9782343213170,
9782343213187,
9782343213194,2343213194
9782343213200,
9782343213217,
9782343213224,
9782343213248,2343213240
9782343213255,
9782343213279,
9782343213286,
9782343213293,
9782343213309,
9782343213316,2343213313
9782343213323,
9782343213330,234321333X
9782343213378,
9782343213392,
9782343213408,
9782343213415,2343213410
9782343213422,
9782343213439,
9782343213453,2343213453
9782343213460,2343213461
9782343213477,234321347X
9782343213484,
9782343213491,2343213496
9782343213507,
9782343213521,2343213526
9782343213538,
9782343213545,2343213542
9782343213552,2343213550
9782343213569,2343213569
9782343213576,2343213577
9782343213583,
9782343213606,2343213607
9782343213613,2343213615
9782343213620,
9782343213637,
9782343213644,
9782343213651,
9782343213668,
9782343213675,
9782343213699,
9782343213712,
9782343213736,
9782343213743,
9782343213750,
9782343213767,2343213763
9782343213774,
9782343213781,
9782343213798,
9782343213804,2343213801
9782343213828,2343213828
9782343213835,
9782343213859,
9782343213866,2343213860
9782343213873,
9782343213880,2343213887
9782343213897,
9782343213903,
9782343213927,2343213925
9782343213934,
9782343213958,234321395X
9782343213965,
9782343213972,
9782343214009,234321400X
9782343214016,2343214018
9782343214023,
9782343214030,
9782343214047,2343214042
9782343214054,2343214050
9782343214061,2343214069
9782343214085,2343214085
9782343214115,2343214115
9782343214122,
9782343214139,2343214131
9782343214146,234321414X
9782343214153,2343214158
9782343214177,
9782343214184,
9782343214191,
9782343214207,2343214204
9782343214214,
9782343214221,
9782343214238,2343214239
9782343214245,
9782343214252,
9782343214269,
9782343214276,2343214271
9782343214283,
9782343214290,
9782343214306,
9782343214320,
9782343214337,
9782343214344,
9782343214368,
9782343214375,2343214379
9782343214382,2343214387
9782343214399,2343214395
9782343214405,2343214409
9782343214412,2343214417
9782343214429,2343214425
9782343214436,2343214433
9782343214443,2343214441
9782343214450,
9782343214467,
9782343214474,2343214476
9782343214481,2343214484
9782343214498,2343214492
9782343214504,
9782343214528,
9782343214535,2343214530
9782343214542,
9782343214559,
9782343214573,2343214573
9782343214580,
9782343214603,
9782343214610,2343214611
9782343214627,
9782343214634,2343214638
9782343214641,2343214646
9782343214658,
9782343214665,2343214662
9782343214672,
9782343214689,
9782343214696,2343214697
9782343214702,
9782343214719,
9782343214726,2343214727
9782343214733,
9782343214740,
9782343214757,
9782343214764,
9782343214771,
9782343214788,
9782343214795,2343214794
9782343214801,
9782343214818,2343214816
9782343214825,2343214824
9782343214832,
9782343214849,
9782343214856,2343214859
9782343214863,2343214867
9782343214870,
9782343214900,
9782343214917,
9782343214924,
9782343214931,
9782343214948,
9782343214955,2343214956
9782343214962,2343214964
9782343214979,
9782343214986,
9782343214993,
9782343215006,2343215006
9782343215013,
9782343215020,2343215022
9782343215037,
9782343215044,2343215049
9782343215051,
9782343215068,2343215065
9782343215075,2343215073
9782343215082,
9782343215099,234321509X
9782343215105,
9782343215112,
9782343215136,2343215138
9782343215143,2343215146
9782343215150,2343215154
9782343215167,
9782343215174,2343215170
9782343215181,
9782343215198,
9782343215211,2343215219
9782343215228,2343215227
9782343215242,
9782343215266,
9782343215273,
9782343215280,
9782343215310,
9782343215327,
9782343215334,
9782343215341,
9782343215358,2343215359
9782343215372,
9782343215389,
9782343215396,2343215391
9782343215402,2343215405
9782343215419,2343215413
9782343215426,
9782343215433,
9782343215440,2343215448
9782343215457,2343215456
9782343215464,
9782343215471,2343215472
9782343215488,
9782343215501,
9782343215518,
9782343215525,
9782343215532,2343215537
9782343215549,
9782343215556,
9782343215563,
9782343215570,234321557X
9782343215587,
9782343215600,
9782343215617,2343215618
9782343215624,2343215626
9782343215631,
9782343215648,2343215642
9782343215655,
9782343215662,2343215669
9782343215679,
9782343215686,2343215685
9782343215709,
9782343215716,
9782343215723,
9782343215730,
9782343215747,
9782343215754,2343215758
9782343215761,2343215766
9782343215778,2343215774
9782343215785,
9782343215792,2343215790
9782343215808,2343215804
9782343215815,
9782343215822,2343215820
9782343215839,
9782343215846,
9782343215853,2343215855
9782343215860,2343215863
9782343215877,2343215871
9782343215884,
9782343215891,2343215898
9782343215907,
9782343215914,
9782343215921,
9782343215938,
9782343215945,
9782343215952,
9782343215969,2343215960
9782343215976,
9782343215983,
9782343215990,2343215995
9782343216003,
9782343216010,2343216010
9782343216034,2343216037
9782343216041,2343216045
9782343216058,
9782343216065,
9782343216089,
9782343216096,2343216096
9782343216102,
9782343216126,
9782343216133,2343216134
9782343216140,2343216142
9782343216157,2343216150
9782343216164,
9782343216171,2343216177
9782343216188,2343216185
9782343216201,
9782343216218,2343216215
9782343216232,
9782343216249,
9782343216256,2343216258
9782343216263,2343216266
9782343216270,
9782343216287,
9782343216294,
9782343216300,
9782343216317,2343216312
9782343216324,
9782343216331,
9782343216348,2343216347
9782343216355,2343216355
9782343216362,2343216363
9782343216379,
9782343216386,
9782343216393,2343216398
9782343216409,
9782343216423,
9782343216430,
9782343216454,
9782343216478,2343216479
9782343216485,
9782343216492,2343216495
9782343216508,2343216509
9782343216515,2343216517
9782343216522,
9782343216539,
9782343216546,
9782343216553,
9782343216577,
9782343216584,
9782343216591,2343216592
9782343216607,2343216606
9782343216614,
9782343216621,2343216622
9782343216638,
9782343216645,
9782343216652,2343216657
9782343216669,
9782343216676,2343216673
9782343216683,2343216681
9782343216690,
9782343216706,2343216703
9782343216713,
9782343216720,
9782343216737,
9782343216751,
9782343216768,2343216762
9782343216775,
9782343216782,2343216789
9782343216799,
9782343216805,2343216800
9782343216829,
9782343216836,2343216835
9782343216843,2343216843
9782343216850,2343216851
9782343216867,234321686X
9782343216874,
9782343216881,2343216886
9782343216898,2343216894
9782343216904,
9782343216928,2343216924
9782343216935,
9782343216942,2343216940
9782343216959,
9782343216966,
9782343216973,
9782343216980,
9782343216997,2343216991
9782343217000,2343217009
9782343217017,2343217017
9782343217024,2343217025
9782343217031,2343217033
9782343217048,
9782343217055,234321705X
9782343217062,
9782343217079,
9782343217086,
9782343217109,2343217106
9782343217116,
9782343217123,
9782343217147,
9782343217154,
9782343217161,2343217165
9782343217178,2343217173
9782343217185,
9782343217192,234321719X
9782343217208,
9782343217215,
9782343217222,
9782343217239,2343217238
9782343217253,2343217254
9782343217260,2343217262
9782343217277,2343217270
9782343217291,
9782343217314,
9782343217321,2343217327
9782343217345,
9782343217352,2343217351
9782343217369,234321736X
9782343217376,
9782343217383,
9782343217390,2343217394
9782343217406,2343217408
9782343217413,
9782343217420,2343217424
9782343217437,
9782343217444,
9782343217451,2343217459
9782343217468,
9782343217482,2343217483
9782343217499,
9782343217505,2343217505
9782343217512,
9782343217529,2343217521
9782343217543,
9782343217550,
9782343217567,
9782343217574,
9782343217581,2343217580
9782343217598,2343217599
9782343217611,2343217610
9782343217628,2343217629
9782343217635,
9782343217659,2343217653
9782343217666,2343217661
9782343217680,
9782343217697,
9782343217703,234321770X
9782343217727,
9782343217741,
9782343217758,
9782343217765,2343217769
9782343217772,2343217777
9782343217789,
9782343217796,
9782343217802,
9782343217826,2343217823
9782343217840,234321784X
9782343217857,
9782343217871,2343217874
9782343217888,
9782343217901,
9782343217918,2343217912
9782343217925,2343217920
9782343217932,
9782343217949,2343217947
9782343217956,
9782343217963,
9782343217970,
9782343218014,2343218013
9782343218021,
9782343218038,
9782343218045,
9782343218052,2343218056
9782343218069,2343218064
9782343218076,2343218072
9782343218083,2343218080
9782343218090,2343218099
9782343218106,
9782343218113,2343218110
9782343218120,
9782343218137,
9782343218168,2343218161
9782343218175,234321817X
9782343218182,2343218188
9782343218199,2343218196
9782343218205,234321820X
9782343218212,2343218218
9782343218229,
9782343218236,2343218234
9782343218243,
9782343218250,2343218250
9782343218267,
9782343218274,2343218277
9782343218298,
9782343218304,
9782343218311,2343218315
9782343218328,2343218323
9782343218342,
9782343218366,2343218366
9782343218373,
9782343218427,
9782343218434,2343218439
9782343218441,
9782343218458,2343218455
9782343218465,2343218463
9782343218472,2343218471
9782343218496,
9782343218519,234321851X
9782343218526,2343218528
9782343218540,2343218544
9782343218557,2343218552
9782343218564,
9782343218571,2343218579
9782343218588,2343218587
9782343218595,
9782343218601,2343218609
9782343218618,
9782343218632,
9782343218649,2343218641
9782343218656,234321865X
9782343218663,
9782343218687,
9782343218694,2343218692
9782343218700,
9782343218717,2343218714
9782343218731,2343218730
9782343218748,
9782343218755,2343218757
9782343218779,
9782343218793,
9782343218809,
9782343218816,
9782343218823,234321882X
9782343218830,
9782343218847,
9782343218861,
9782343218878,2343218870
9782343218885,
9782343218892,
9782343218908,
9782343218915,2343218919
9782343218922,2343218927
9782343218939,
9782343218946,
9782343218953,
9782343218960,234321896X
9782343218977,2343218978
9782343218984,2343218986
9782343218991,
9782343219004,
9782343219011,234321901X
9782343219028,2343219028
9782343219035,
9782343219042,2343219044
9782343219059,
9782343219066,2343219060
9782343219073,2343219079
9782343219080,
9782343219097,
9782343219103,2343219109
9782343219110,2343219117
9782343219127,
9782343219134,
9782343219141,
9782343219158,234321915X
9782343219165,
9782343219172,
9782343219189,
9782343219202,2343219206
9782343219219,
9782343219226,
9782343219233,2343219230
9782343219240,2343219249
9782343219257,
9782343219264,
9782343219271,
9782343219288,
9782343219295,
9782343219301,2343219303
9782343219318,2343219311
9782343219325,234321932X
9782343219332,
9782343219349,
9782343219356,2343219354
9782343219363,2343219362
9782343219370,2343219370
9782343219387,
9782343219400,
9782343219417,
9782343219424,
9782343219431,
9782343219448,
9782343219455,2343219451
9782343219462,
9782343219486,2343219486
9782343219509,
9782343219516,2343219516
9782343219547,
9782343219554,
9782343219578,
9782343219585,2343219583
9782343219592,
9782343219608,
9782343219615,
9782343219622,2343219621
9782343219639,
9782343219653,2343219656
9782343219660,2343219664
9782343219677,
9782343219684,
9782343219707,2343219702
9782343219714,
9782343219738,2343219737
9782343219745,2343219745
9782343219752,
9782343219769,
9782343219776,
9782343219790,
9782343219806,234321980X
9782343219837,2343219834
9782343219851,
9782343219868,
9782343219875,2343219877
9782343219899,
9782343219905,2343219907
9782343219912,2343219915
9782343219929,2343219923
9782343219936,
9782343219967,2343219966
9782343219981,
9782343219998,
9782343220000,
9782343220017,2343220018
9782343220024,
9782343220031,2343220034
9782343220048,
9782343220055,
9782343220062,2343220069
9782343220079,
9782343220086,
9782343220093,2343220093
9782343220109,2343220107
9782343220116,
9782343220123,2343220123
9782343220130,2343220131
9782343220147,
9782343220154,
9782343220161,
9782343220178,2343220174
9782343220185,
9782343220192,
9782343220208,
9782343220222,
9782343220239,2343220239
9782343220246,
9782343220253,2343220255
9782343220260,
9782343220284,234322028X
9782343220291,2343220298
9782343220307,2343220301
9782343220314,234322031X
9782343220321,
9782343220338,2343220336
9782343220345,2343220344
9782343220376,2343220379
9782343220383,
9782343220390,
9782343220406,
9782343220413,2343220417
9782343220420,
9782343220437,
9782343220444,2343220441
9782343220468,
9782343220475,2343220476
9782343220482,2343220484
9782343220505,
9782343220512,2343220514
9782343220529,2343220522
9782343220536,2343220530
9782343220543,2343220549
9782343220550,
9782343220567,2343220565
9782343220598,234322059X
9782343220604,2343220603
9782343220628,
9782343220635,
9782343220642,2343220646
9782343220659,2343220654
9782343220666,2343220662
9782343220673,
9782343220680,2343220689
9782343220703,
9782343220710,2343220719
9782343220727,
9782343220734,2343220735
9782343220758,
9782343220772,2343220778
9782343220796,
9782343220802,2343220808
9782343220819,
9782343220826,
9782343220833,
9782343220840,2343220840
9782343220857,
9782343220871,
9782343220888,
9782343220895,2343220891
9782343220918,2343220913
9782343220925,2343220921
9782343220949,
9782343220956,2343220956
9782343220994,
9782343221007,2343221006
9782343221014,
9782343221045,2343221049
9782343221052,2343221057
9782343221069,2343221065
9782343221076,2343221073
9782343221083,
9782343221090,
9782343221113,2343221111
9782343221120,234322112X
9782343221144,
9782343221151,
9782343221168,2343221162
9782343221175,2343221170
9782343221182,2343221189
9782343221199,2343221197
9782343221205,2343221200
9782343221212,2343221219
9782343221236,
9782343221243,2343221243
9782343221250,
9782343221267,234322126X
9782343221274,
9782343221281,
9782343221298,2343221294
9782343221304,2343221308
9782343221328,2343221324
9782343221335,2343221332
9782343221342,2343221340
9782343221359,
9782343221373,2343221375
9782343221380,
9782343221397,2343221391
9782343221403,2343221405
9782343221410,
9782343221427,
9782343221434,234322143X
9782343221441,
9782343221458,
9782343221465,2343221464
9782343221472,2343221472
9782343221489,
9782343221496,
9782343221502,
9782343221519,2343221510
9782343221526,
9782343221533,2343221537
9782343221540,2343221545
9782343221557,2343221553
9782343221564,
9782343221571,
9782343221588,2343221588
9782343221595,2343221596
9782343221601,234322160X
9782343221618,
9782343221625,2343221626
9782343221632,
9782343221649,
9782343221656,2343221650
9782343221694,
9782343221700,
9782343221717,2343221715
9782343221724,2343221723
9782343221748,234322174X
9782343221755,2343221758
9782343221762,
9782343221779,2343221774
9782343221786,
9782343221809,2343221804
9782343221816,
9782343221830,
9782343221878,
9782343221885,234322188X
9782343221892,2343221898
9782343221915,234322191X
9782343221922,2343221928
9782343221939,2343221936
9782343221953,2343221952
9782343221960,2343221960
9782343221977,2343221979
9782343221984,
9782343221991,2343221995
9782343222004,2343222002
9782343222011,
9782343222028,2343222029
9782343222035,
9782343222042,2343222045
9782343222059,2343222053
9782343222073,
9782343222080,
9782343222110,
9782343222141,
9782343222158,2343222150
9782343222165,
9782343222202,
9782343222226,2343222223
9782343222233,2343222231
9782343222240,234322224X
9782343222264,2343222266
9782343222288,
9782343222295,2343222290
9782343222318,2343222312
9782343222363,2343222363
9782343222370,2343222371
9782343222387,
9782343222394,
9782343222400,2343222401
9782343222417,
9782343222424,2343222428
9782343222431,2343222436
9782343222455,2343222452
9782343222462,
9782343222479,2343222479
9782343222486,2343222487
9782343222493,2343222495
9782343222509,2343222509
9782343222516,2343222517
9782343222523,
9782343222530,2343222533
9782343222547,2343222541
9782343222554,234322255X
9782343222561,2343222568
9782343222578,
9782343222585,2343222584
9782343222592,2343222592
9782343222622,
9782343222639,
9782343222646,2343222649
9782343222653,2343222657
9782343222660,
9782343222707,2343222703
9782343222714,2343222711
9782343222721,234322272X
9782343222752,
9782343222769,2343222762
9782343222776,2343222770
9782343222783,
9782343222813,2343222819
9782343222820,
9782343222851,2343222851
9782343222875,
9782343222882,2343222886
9782343222899,
9782343222950,2343222959
9782343222967,2343222967
9782343222974,
9782343222981,
9782343223001,2343223009
9782343223018,
9782343223025,
9782343223032,
9782343223049,
9782343223056,
9782343223063,
9782343223070,
9782343223087,
9782343223124,
9782343223131,
9782343223148,
9782343223155,
9782343223162,
9782343223179,2343223173
9782343223186,
9782343223216,
9782343223223,234322322X
9782343223230,2343223238
9782343223254,
9782343223261,
9782343223278,
9782343223285,
9782343223292,2343223297
9782343223308,2343223300
9782343223322,2343223327
9782343223339,2343223335
9782343223346,2343223343
9782343223360,
9782343223377,2343223378
9782343223384,2343223386
9782343223391,
9782343223407,2343223408
9782343223421,
9782343223438,2343223432
9782343223469,
9782343223490,2343223491
9782343223506,2343223505
9782343223520,
9782343223551,2343223556
9782343223575,2343223572
9782343223582,
9782343223605,2343223602
9782343223612,2343223610
9782343223629,2343223629
9782343223636,2343223637
9782343223650,
9782343223674,234322367X
9782343223681,
9782343223698,
9782343223711,2343223718
9782343223728,2343223726
9782343223735,2343223734
9782343223742,2343223742
9782343223759,
9782343223766,2343223769
9782343223803,
9782343223810,2343223815
9782343223834,2343223831
9782343223889,2343223882
9782343223926,2343223920
9782343223933,2343223939
9782343223957,
9782343223964,2343223963
9782343223988,234322398X
9782343223995,2343223998
9782343224008,2343224005
9782343224015,2343224013
9782343224046,
9782343224053,
9782343224060,
9782343224114,
9782343224121,2343224129
9782343224138,
9782343224152,
9782343224169,
9782343224176,
9782343224206,
9782343224220,2343224226
9782343224237,2343224234
9782343224251,
9782343224268,
9782343224275,2343224277
9782343224282,2343224285
9782343224299,2343224293
9782343224329,2343224323
9782343224336,2343224331
9782343224350,2343224358
9782343224367,2343224366
9782343224374,
9782343224404,
9782343224411,2343224412
9782343224435,2343224439
9782343224442,
9782343224480,234322448X
9782343224497,
9782343224510,234322451X
9782343224527,2343224528
9782343224572,
9782343224589,2343224587
9782343224619,2343224617
9782343224640,2343224641
9782343224657,234322465X
9782343224688,2343224684
9782343224695,2343224692
9782343224701,2343224706
9782343224725,
9782343224732,
9782343224770,2343224773
9782343224787,2343224781
9782343224794,
9782343224817,2343224811
9782343224824,234322482X
9782343224831,
9782343224848,2343224846
9782343224855,2343224854
9782343224879,2343224870
9782343224886,
9782343224893,
9782343224916,
9782343224930,2343224935
9782343224947,2343224943
9782343224985,
9782343225005,
9782343225012,234322501X
9782343225029,
9782343225036,
9782343225043,2343225044
9782343225050,2343225052
9782343225111,2343225117
9782343225135,
9782343225159,234322515X
9782343225180,2343225184
9782343225203,
9782343225210,2343225214
9782343225227,
9782343225234,
9782343225241,
9782343225265,2343225265
9782343225296,234322529X
9782343225302,
9782343225326,
9782343225333,2343225338
9782343225340,
9782343225364,2343225362
9782343225388,2343225389
9782343225418,2343225419
9782343225432,2343225435
9782343225456,2343225451
9782343225463,234322546X
9782343225470,2343225478
9782343225487,
9782343225494,2343225494
9782343225517,2343225516
9782343225524,2343225524
9782343225579,
9782343225616,2343225613
9782343225623,2343225621
9782343225654,
9782343225661,2343225664
9782343225678,2343225672
9782343225685,2343225680
9782343225692,
9782343225708,
9782343225722,2343225729
9782343225739,
9782343225753,2343225753
9782343225777,
9782343225791,2343225796
9782343225807,234322580X
9782343225814,
9782343225838,2343225834
9782343225852,
9782343225869,
9782343225883,2343225885
9782343225890,2343225893
9782343225906,2343225907
9782343225913,2343225915
9782343225920,
9782343226002,
9782343226019,
9782343226026,
9782343226040,2343226040
9782343226057,2343226059
9782343226071,2343226075
9782343226149,2343226148
9782343226163,
9782343226187,
9782343226194,
9782343226217,
9782343226224,
9782343226231,
9782343226248,2343226245
9782343226255,
9782343226262,2343226261
9782343226286,
9782343226347,2343226342
9782343226354,2343226350
9782343226361,2343226369
9782343226385,2343226385
9782343226408,
9782343226415,2343226415
9782343226422,
9782343226439,2343226431
9782343226477,2343226474
9782343226484,
9782343226491,
9782343226545,
9782343226552,2343226555
9782343226583,
9782343226644,2343226644
9782343226781,
9782343226798,
9782343226804,
9782343226828,
9782343226835,2343226830
9782343226866,
9782343226927,
9782343226965,2343226962
9782343226989,2343226989
9782343227016,
9782343227023,
9782343227054,2343227055
9782343227078,
9782343227085,234322708X
9782343227139,2343227136
9782343227146,
9782343227153,2343227152
9782343227160,
9782343227214,2343227217
9782343227252,234322725X
9782343227276,
9782343227337,
9782343227344,2343227349
9782343227351,
9782343227436,2343227438
9782343227474,2343227470
9782343227498,
9782343227511,2343227519
9782343227542,2343227543
9782343227559,2343227551
9782343227634,
9782343227672,
9782343227689,2343227683
9782343227696,
9782343227726,2343227721
9782343227757,2343227756
9782343227771,
9782343227788,2343227780
9782343227795,2343227799
9782343227818,2343227810
9782343227825,2343227829
9782343227832,
9782343227887,
9782343227924,2343227926
9782343227955,
9782343227962,2343227969
9782343227986,
9782343228013,2343228019
9782343228037,2343228035
9782343228082,2343228086
9782343228129,
9782343228150,2343228159
9782343228198,
9782343228235,234322823X
9782343228303,2343228302
9782343228334,2343228337
9782343228341,2343228345
9782343228365,2343228361
9782343228402,
9782343228419,2343228418
9782343228440,2343228442
9782343228457,2343228450
9782343228488,2343228485
9782343228495,2343228493
9782343228532,2343228531
9782343228631,
9782343228648,
9782343228662,
9782343228716,
9782343228730,2343228736
9782343228754,
9782343228815,
9782343228853,
9782343228969,2343228965
9782343229003,2343229007
9782343229034,2343229031
9782343229072,
9782343229126,
9782343229294,2343229295
9782343229300,
9782343229324,2343229325
9782343229409,2343229406
9782343229447,
9782343229492,234322949X
9782343229874,
9782343229928,2343229929
9782343302454,
9782344000014,2344000011
9782344000021,234400002X
9782344000052,2344000054
9782344000069,2344000062
9782344000076,2344000070
9782344000090,2344000097
9782344000113,2344000119
9782344000120,2344000127
9782344000137,2344000135
9782344000144,2344000143
9782344000151,2344000151
9782344000168,234400016X
9782344000205,2344000208
9782344000212,2344000216
9782344000229,2344000224
9782344000250,2344000259
9782344000274,2344000275
9782344000281,2344000283
9782344000311,2344000313
9782344000434,2344000437
9782344000458,2344000453
9782344000465,2344000461
9782344000496,2344000496
9782344000502,234400050X
9782344000519,2344000518
9782344000526,2344000526
9782344000557,2344000550
9782344000571,2344000577
9782344000595,2344000593
9782344000649,234400064X
9782344000656,2344000658
9782344000663,2344000666
9782344000687,2344000682
9782344000694,2344000690
9782344000717,2344000712
9782344000724,2344000720
9782344000731,2344000739
9782344000755,2344000755
9782344000779,2344000771
9782344000786,234400078X
9782344000816,234400081X
9782344000847,2344000844
9782344000885,2344000887
9782344000953,234400095X
9782344001004,234400100X
9782344001028,2344001026
9782344001042,2344001042
9782344001059,2344001050
9782344001066,2344001069
9782344001103,2344001107
9782344001110,2344001115
9782344001127,2344001123
9782344001134,2344001131
9782344001141,234400114X
9782344001158,2344001158
9782344001165,2344001166
9782344001172,2344001174
9782344001196,2344001190
9782344001219,2344001212
9782344001233,2344001239
9782344001240,2344001247
9782344001264,2344001263
9782344001271,2344001271
9782344001288,234400128X
9782344001295,2344001298
9782344001325,2344001328
9782344001332,2344001336
9782344001370,2344001379
9782344001387,2344001387
9782344001394,2344001395
9782344001417,2344001417
9782344001424,2344001425
9782344001431,2344001433
9782344001448,2344001441
9782344001455,234400145X
9782344001547,2344001549
9782344001578,2344001573
9782344001684,2344001689
9782344001707,2344001700
9782344001714,2344001719
9782344001721,2344001727
9782344001745,2344001743
9782344001769,234400176X
9782344001783,2344001786
9782344001790,2344001794
9782344001806,2344001808
9782344001837,2344001832
9782344001844,2344001840
9782344001851,2344001859
9782344001868,2344001867
9782344001875,2344001875
9782344001882,2344001883
9782344001899,2344001891
9782344001905,2344001905
9782344001912,2344001913
9782344001929,2344001921
9782344001936,234400193X
9782344001943,2344001948
9782344001950,2344001956
9782344001967,2344001964
9782344001974,2344001972
9782344001981,2344001980
9782344001998,2344001999
9782344002001,2344002006
9782344002018,2344002014
9782344002025,2344002022
9782344002032,2344002030
9782344002049,2344002049
9782344002056,2344002057
9782344002063,2344002065
9782344002070,2344002073
9782344002087,2344002081
9782344002094,234400209X
9782344002124,234400212X
9782344002254,2344002251
9782344002261,234400226X
9782344002285,2344002286
9782344002315,2344002316
9782344002377,2344002375
9782344002384,2344002383
9782344002407,2344002405
9782344002483,2344002480
9782344002513,2344002510
9782344002520,2344002529
9782344002537,2344002537
9782344002643,2344002642
9782344002667,2344002669
9782344002698,2344002693
9782344002735,2344002731
9782344002797,2344002790
9782344002803,2344002804
9782344002810,2344002812
9782344002834,2344002839
9782344002841,2344002847
9782344002858,2344002855
9782344002865,2344002863
9782344002872,2344002871
9782344002889,234400288X
9782344002896,2344002898
9782344002902,2344002901
9782344002919,234400291X
9782344002926,2344002928
9782344003046,2344003045
9782344003053,2344003053
9782344003107,234400310X
9782344003114,2344003118
9782344003145,2344003142
9782344003183,2344003185
9782344003190,2344003193
9782344003213,2344003215
9782344003251,2344003258
9782344003268,2344003266
9782344003282,2344003282
9782344003299,2344003290
9782344003329,2344003320
9782344003350,2344003355
9782344003381,234400338X
9782344003398,2344003398
9782344003404,2344003401
9782344003411,234400341X
9782344003428,2344003428
9782344003435,2344003436
9782344003442,2344003444
9782344003480,2344003487
9782344003497,2344003495
9782344003503,2344003509
9782344003671,2344003673
9782344003701,2344003703
9782344003725,234400372X
9782344003732,2344003738
9782344003749,2344003746
9782344003763,2344003762
9782344003770,2344003770
9782344003855,2344003851
9782344003879,2344003878
9782344003978,2344003975
9782344004005,2344004009
9782344004012,2344004017
9782344004050,234400405X
9782344004111,2344004114
9782344004173,2344004173
9782344004180,2344004181
9782344004203,2344004203
9782344004210,2344004211
9782344004227,234400422X
9782344004289,2344004289
9782344004319,2344004319
9782344004333,2344004335
9782344004364,234400436X
9782344004395,2344004394
9782344004401,2344004408
9782344004418,2344004416
9782344004425,2344004424
9782344004449,2344004440
9782344004456,2344004459
9782344004517,2344004513
9782344004616,2344004610
9782344004630,2344004637
9782344004661,2344004661
9782344004760,2344004769
9782344004807,2344004807
9782344004821,2344004823
9782344004852,2344004858
9782344004883,2344004882
9782344004906,2344004904
9782344004944,2344004947
9782344004951,2344004955
9782344005156,2344005153
9782344005187,2344005188
9782344005224,2344005226
9782344005392,2344005390
9782344005422,2344005420
9782344005477,2344005471
9782344005491,2344005498
9782344005507,2344005501
9782344005514,234400551X
9782344005545,2344005544
9782344005552,2344005552
9782344005569,2344005560
9782344005583,2344005587
9782344005699,2344005692
9782344005927,2344005927
9782344006108,2344006109
9782344006122,2344006125
9782344006139,2344006133
9782344006153,234400615X
9782344006214,2344006214
9782344006245,2344006249
9782344006252,2344006257
9782344006313,2344006311
9782344006467,234400646X
9782344006719,2344006710
9782344007044,2344007040
9782344007075,2344007075
9782344007587,234400758X
9782344007624,2344007628
9782344007969,2344007962
9782344008409,2344008403
9782344009024,
9782344009178,2344009175
9782344009482,2344009485
9782344010563,2344010564
9782344010570,2344010572
9782344010648,2344010645
9782344010716,2344010718
9782344011492,2344011498
9782344011751,2344011757
9782344011768,2344011765
9782344011775,2344011773
9782344011812,2344011811
9782344011928,2344011927
9782344011942,2344011943
9782344012284,2344012281
9782344012291,
9782344012314,2344012311
9782344012352,2344012354
9782344012468,234401246X
9782344012505,2344012508
9782344012604,2344012605
9782344012673,2344012672
9782344012994,2344012990
9782344013373,2344013377
9782344013397,2344013393
9782344013489,2344013482
9782344013625,2344013628
9782344013656,2344013652
9782344013694,2344013695
9782344013724,
9782344013854,2344013857
9782344013946,2344013946
9782344014059,2344014055
9782344014103,2344014101
9782344014189,2344014187
9782344014202,2344014209
9782344014219,2344014217
9782344014226,2344014225
9782344014233,2344014233
9782344014271,2344014276
9782344014714,2344014713
9782344014721,2344014721
9782344014868,2344014861
9782344014882,2344014888
9782344014905,234401490X
9782344015001,2344015000
9782344015124,2344015124
9782344015292,2344015299
9782344015438,2344015434
9782344015483,2344015485
9782344015964,2344015965
9782344016022,2344016023
9782344016183,234401618X
9782344016527,234401652X
9782344016541,2344016546
9782344016763,2344016767
9782344017005,2344017003
9782344017029,234401702X
9782344017043,2344017046
9782344017197,2344017194
9782344017401,2344017402
9782344017418,2344017410
9782344017432,2344017437
9782344017456,2344017453
9782344017609,2344017607
9782344017678,2344017674
9782344017685,2344017682
9782344017715,2344017712
9782344017722,2344017720
9782344017746,2344017747
9782344017784,234401778X
9782344017807,2344017801
9782344017821,2344017828
9782344017838,
9782344017869,2344017860
9782344017982,2344017984
9782344018019,2344018018
9782344018026,2344018026
9782344018095,2344018093
9782344018101,2344018107
9782344018118,2344018115
9782344018125,2344018123
9782344018163,2344018166
9782344018170,2344018174
9782344018187,2344018182
9782344018194,2344018190
9782344018262,2344018263
9782344018392,2344018395
9782344018514,2344018514
9782344018552,2344018557
9782344018569,2344018565
9782344018606,2344018603
9782344018644,2344018646
9782344018699,2344018697
9782344018729,2344018727
9782344018743,2344018743
9782344018781,
9782344018804,2344018808
9782344018835,2344018832
9782344018842,2344018840
9782344018859,2344018859
9782344018897,2344018891
9782344018903,2344018905
9782344018927,2344018921
9782344018934,234401893X
9782344018941,2344018948
9782344018965,2344018964
9782344018972,2344018972
9782344018989,2344018980
9782344018996,2344018999
9782344019009,2344019006
9782344019016,2344019014
9782344019092,234401909X
9782344019108,2344019103
9782344019146,2344019146
9782344019160,2344019162
9782344019238,2344019235
9782344019320,2344019324
9782344019542,2344019545
9782344019733,2344019731
9782344019771,
9782344020128,2344020128
9782344020241,2344020241
9782344020272,2344020276
9782344020302,2344020306
9782344020333,2344020330
9782344020562,234402056X
9782344020579,2344020578
9782344020593,2344020594
9782344020630,2344020632
9782344020654,2344020659
9782344021163,2344021167
9782344021170,2344021175
9782344021514,
9782344021798,2344021795
9782344022146,2344022147
9782344022153,2344022155
9782344022535,2344022538
9782344022542,2344022546
9782344022597,2344022597
9782344022634,2344022635
9782344022894,2344022899
9782344023150,2344023151
9782344023242,2344023240
9782344023259,
9782344023310,2344023313
9782344023365,2344023364
9782344023372,2344023372
9782344023389,2344023380
9782344023396,2344023399
9782344023402,2344023402
9782344023488,2344023488
9782344023501,
9782344023600,2344023607
9782344023617,2344023615
9782344023716,2344023712
9782344023815,234402381X
9782344023846,2344023844
9782344023853,2344023852
9782344023884,2344023887
9782344023891,2344023895
9782344023969,2344023968
9782344024218,2344024212
9782344024225,2344024220
9782344024423,2344024425
9782344024485,2344024484
9782344024584,2344024581
9782344024614,2344024611
9782344024621,234402462X
9782344024638,2344024638
9782344024645,2344024646
9782344024706,2344024700
9782344024713,2344024719
9782344024744,2344024743
9782344024850,2344024859
9782344024881,2344024883
9782344025048,2344025049
9782344025123,234402512X
9782344025338,2344025332
9782344025475,2344025472
9782344025482,2344025480
9782344025499,2344025499
9782344025543,2344025545
9782344025567,
9782344025673,2344025677
9782344025680,2344025685
9782344025697,2344025693
9782344025789,2344025782
9782344025895,2344025898
9782344026212,2344026215
9782344026236,2344026231
9782344026250,2344026258
9782344026267,2344026266
9782344026281,2344026282
9782344026304,2344026304
9782344026342,2344026347
9782344026359,2344026355
9782344026366,
9782344026441,2344026444
9782344026489,2344026487
9782344026496,2344026495
9782344026502,2344026509
9782344026557,234402655X
9782344026564,
9782344026571,2344026576
9782344026588,2344026584
9782344026595,2344026592
9782344026601,2344026606
9782344026823,2344026827
9782344026885,2344026886
9782344026892,2344026894
9782344026977,2344026975
9782344027004,2344027009
9782344027011,2344027017
9782344027028,2344027025
9782344027035,2344027033
9782344027042,2344027041
9782344027059,234402705X
9782344027073,2344027076
9782344027080,2344027084
9782344027097,2344027092
9782344027226,234402722X
9782344027332,
9782344027356,2344027351
9782344027394,2344027394
9782344027684,2344027688
9782344027691,2344027696
9782344027714,2344027718
9782344027752,2344027750
9782344027851,
9782344027936,2344027939
9782344027943,2344027947
9782344027950,2344027955
9782344027998,2344027998
9782344028001,2344028005
9782344028018,2344028013
9782344028063,2344028064
9782344028070,2344028072
9782344028087,2344028080
9782344028094,2344028099
9782344028148,2344028145
9782344028216,2344028218
9782344028315,2344028315
9782344028353,2344028358
9782344028360,2344028366
9782344028377,
9782344028384,2344028382
9782344028391,
9782344028438,2344028439
9782344028674,2344028676
9782344028797,234402879X
9782344028841,2344028846
9782344028858,2344028854
9782344028896,2344028897
9782344028933,2344028935
9782344029060,2344029060
9782344029121,2344029125
9782344029145,2344029141
9782344029169,2344029168
9782344029176,2344029176
9782344029329,234402932X
9782344029336,2344029338
9782344029466,234402946X
9782344029473,2344029478
9782344029626,2344029621
9782344029633,234402963X
9782344029640,2344029648
9782344029732,2344029737
9782344029787,2344029788
9782344029817,2344029818
9782344029824,2344029826
9782344029848,2344029842
9782344029855,2344029850
9782344029886,2344029885
9782344029985,2344029982
9782344030080,2344030085
9782344030134,2344030131
9782344030226,2344030220
9782344030240,2344030247
9782344030257,2344030255
9782344030349,2344030344
9782344030431,2344030433
9782344030493,2344030492
9782344030509,2344030506
9782344030530,2344030530
9782344030578,2344030573
9782344030615,2344030611
9782344030622,234403062X
9782344030639,2344030638
9782344030646,2344030646
9782344030820,2344030824
9782344030837,2344030832
9782344030868,2344030867
9782344030875,2344030875
9782344030882,2344030883
9782344030899,2344030891
9782344030943,2344030948
9782344030967,2344030964
9782344030998,2344030999
9782344031049,2344031049
9782344031063,2344031065
9782344031094,234403109X
9782344031100,2344031103
9782344031131,2344031138
9782344031155,
9782344031162,2344031162
9782344031186,2344031189
9782344031209,2344031200
9782344031216,2344031219
9782344031223,2344031227
9782344031230,2344031235
9782344031292,2344031294
9782344031308,2344031308
9782344031339,2344031332
9782344031360,2344031367
9782344031377,2344031375
9782344031384,2344031383
9782344031391,2344031391
9782344031407,2344031405
9782344031414,2344031413
9782344031421,2344031421
9782344031438,234403143X
9782344031469,2344031464
9782344031476,2344031472
9782344031483,2344031480
9782344031490,2344031499
9782344031506,2344031502
9782344031612,2344031618
9782344031728,2344031723
9782344031780,2344031782
9782344031803,2344031804
9782344031810,2344031812
9782344031827,2344031820
9782344031834,2344031839
9782344031858,2344031855
9782344031889,234403188X
9782344031964,2344031960
9782344031988,2344031987
9782344031995,2344031995
9782344032015,2344032010
9782344032039,2344032037
9782344032053,2344032053
9782344032152,2344032150
9782344032169,2344032169
9782344032213,2344032215
9782344032275,2344032274
9782344032282,2344032282
9782344032299,2344032290
9782344032329,2344032320
9782344032336,
9782344032350,2344032355
9782344032381,234403238X
9782344032398,2344032398
9782344032404,2344032401
9782344032411,234403241X
9782344032435,2344032436
9782344032459,2344032452
9782344032466,2344032460
9782344032473,2344032479
9782344032480,2344032487
9782344032497,2344032495
9782344032503,2344032509
9782344032510,2344032517
9782344032527,2344032525
9782344032558,234403255X
9782344032565,2344032568
9782344032572,2344032576
9782344032589,2344032584
9782344032596,2344032592
9782344032602,2344032606
9782344032619,2344032614
9782344032626,2344032622
9782344032633,2344032630
9782344032640,
9782344032657,2344032657
9782344032664,2344032665
9782344032671,
9782344032688,
9782344032695,234403269X
9782344032701,
9782344032732,2344032738
9782344032749,2344032746
9782344032756,2344032754
9782344032763,2344032762
9782344032770,2344032770
9782344032787,
9782344032817,
9782344032824,2344032827
9782344032831,
9782344032879,2344032878
9782344032916,2344032916
9782344032923,2344032924
9782344032930,2344032932
9782344032947,2344032940
9782344032954,2344032959
9782344032961,2344032967
9782344032978,2344032975
9782344032992,2344032991
9782344033036,2344033033
9782344033043,2344033041
9782344033050,234403305X
9782344033067,2344033068
9782344033074,2344033076
9782344033081,2344033084
9782344033098,2344033092
9782344033104,2344033106
9782344033128,2344033122
9782344033142,
9782344033159,
9782344033180,2344033181
9782344033197,234403319X
9782344033203,2344033203
9782344033227,
9782344033234,2344033238
9782344033241,2344033246
9782344033296,2344033297
9782344033302,
9782344033319,2344033319
9782344033326,2344033327
9782344033340,2344033343
9782344033371,2344033378
9782344033388,2344033386
9782344033395,2344033394
9782344033401,2344033408
9782344033418,2344033416
9782344033432,2344033432
9782344033449,2344033440
9782344033456,2344033459
9782344033463,2344033467
9782344033470,2344033475
9782344033487,2344033483
9782344033494,2344033491
9782344033500,2344033505
9782344033517,2344033513
9782344033524,2344033521
9782344033531,234403353X
9782344033548,2344033548
9782344033555,2344033556
9782344033562,2344033564
9782344033579,2344033572
9782344033586,2344033580
9782344033593,2344033599
9782344033609,2344033602
9782344033616,2344033610
9782344033623,2344033629
9782344033630,2344033637
9782344033647,2344033645
9782344033654,2344033653
9782344033661,2344033661
9782344033678,234403367X
9782344033685,2344033688
9782344033692,2344033696
9782344033708,234403370X
9782344033715,2344033718
9782344033722,2344033726
9782344033739,2344033734
9782344033746,2344033742
9782344033753,2344033750
9782344033760,2344033769
9782344033777,2344033777
9782344033784,2344033785
9782344033791,2344033793
9782344033807,2344033807
9782344033814,2344033815
9782344033821,2344033823
9782344033838,2344033831
9782344033845,234403384X
9782344033852,2344033858
9782344033869,2344033866
9782344033876,2344033874
9782344033883,2344033882
9782344033890,2344033890
9782344033906,2344033904
9782344033913,2344033912
9782344033920,2344033920
9782344033937,2344033939
9782344033944,2344033947
9782344033951,2344033955
9782344033968,2344033963
9782344033975,2344033971
9782344033982,234403398X
9782344033999,2344033998
9782344034002,
9782344034026,2344034021
9782344034033,234403403X
9782344034040,2344034048
9782344034057,2344034056
9782344034064,2344034064
9782344034071,2344034072
9782344034088,2344034080
9782344034095,2344034099
9782344034101,2344034102
9782344034118,2344034110
9782344034132,2344034137
9782344034149,2344034145
9782344034156,2344034153
9782344034231,2344034234
9782344034248,2344034242
9782344034262,
9782344034279,2344034277
9782344034286,2344034285
9782344034293,2344034293
9782344034309,2344034307
9782344034316,2344034315
9782344034323,2344034323
9782344034330,2344034331
9782344034347,234403434X
9782344034354,2344034358
9782344034361,2344034366
9782344034378,2344034374
9782344034385,2344034382
9782344034392,2344034390
9782344034408,2344034404
9782344034415,2344034412
9782344034422,2344034420
9782344034439,2344034439
9782344034477,
9782344034484,234403448X
9782344034491,2344034498
9782344034507,2344034501
9782344034514,234403451X
9782344034521,2344034528
9782344034538,2344034536
9782344034569,2344034560
9782344034576,
9782344034583,2344034587
9782344034606,2344034609
9782344034613,2344034617
9782344034668,2344034668
9782344034675,2344034676
9782344034682,2344034684
9782344034699,2344034692
9782344034705,2344034706
9782344034712,2344034714
9782344034729,2344034722
9782344034767,2344034765
9782344034774,2344034773
9782344034781,2344034781
9782344034798,234403479X
9782344034804,2344034803
9782344034828,234403482X
9782344034835,2344034838
9782344034842,2344034846
9782344034859,2344034854
9782344034866,
9782344034873,2344034870
9782344034880,2344034889
9782344034903,2344034900
9782344034910,2344034919
9782344034927,2344034927
9782344034934,2344034935
9782344034965,234403496X
9782344034972,2344034978
9782344034989,2344034986
9782344034996,2344034994
9782344035009,2344035001
9782344035016,234403501X
9782344035023,2344035028
9782344035054,2344035052
9782344035061,
9782344035078,
9782344035085,2344035087
9782344035108,2344035109
9782344035115,2344035117
9782344035122,2344035125
9782344035139,2344035133
9782344035146,2344035141
9782344035153,234403515X
9782344035160,2344035168
9782344035177,2344035176
9782344035184,2344035184
9782344035191,2344035192
9782344035207,2344035206
9782344035214,2344035214
9782344035221,2344035222
9782344035238,2344035230
9782344035245,2344035249
9782344035252,
9782344035269,2344035265
9782344035276,2344035273
9782344035283,2344035281
9782344035290,234403529X
9782344035306,2344035303
9782344035313,2344035311
9782344035320,234403532X
9782344035337,2344035338
9782344035344,2344035346
9782344035375,2344035370
9782344035405,2344035400
9782344035412,
9782344035443,2344035443
9782344035467,234403546X
9782344035474,2344035478
9782344035481,2344035486
9782344035511,
9782344035528,2344035524
9782344035535,2344035532
9782344035542,2344035540
9782344035559,2344035559
9782344035566,2344035567
9782344035573,2344035575
9782344035580,2344035583
9782344035597,2344035591
9782344035603,2344035605
9782344035610,2344035613
9782344035627,2344035621
9782344035641,2344035648
9782344035658,2344035656
9782344035665,2344035664
9782344035672,2344035672
9782344035689,2344035680
9782344035696,2344035699
9782344035719,2344035710
9782344035740,2344035745
9782344035764,2344035761
9782344035801,
9782344035818,2344035818
9782344035832,2344035834
9782344035849,2344035842
9782344035856,2344035850
9782344035863,2344035869
9782344035870,2344035877
9782344035887,2344035885
9782344035894,2344035893
9782344035900,2344035907
9782344035917,2344035915
9782344035948,234403594X
9782344035955,
9782344035979,2344035974
9782344035986,
9782344035993,2344035990
9782344036006,
9782344036013,2344036016
9782344036020,2344036024
9782344036037,2344036032
9782344036068,2344036067
9782344036075,2344036075
9782344036082,
9782344036129,2344036121
9782344036136,234403613X
9782344036143,2344036148
9782344036150,2344036156
9782344036167,2344036164
9782344036174,2344036172
9782344036181,2344036180
9782344036198,2344036199
9782344036204,2344036202
9782344036211,2344036210
9782344036228,2344036229
9782344036235,2344036237
9782344036242,2344036245
9782344036259,2344036253
9782344036266,2344036261
9782344036273,234403627X
9782344036280,2344036288
9782344036297,2344036296
9782344036303,234403630X
9782344036310,2344036318
9782344036327,2344036326
9782344036334,2344036334
9782344036341,2344036342
9782344036358,2344036350
9782344036365,2344036369
9782344036372,2344036377
9782344036389,2344036385
9782344036396,2344036393
9782344036402,2344036407
9782344036419,2344036415
9782344036426,
9782344036433,2344036431
9782344036440,234403644X
9782344036457,2344036458
9782344036464,2344036466
9782344036471,2344036474
9782344036488,2344036482
9782344036495,2344036490
9782344036518,2344036512
9782344036556,2344036555
9782344036587,234403658X
9782344036600,2344036601
9782344036624,
9782344036631,
9782344036648,2344036644
9782344036655,2344036652
9782344036662,2344036660
9782344036679,
9782344036730,2344036733
9782344036754,234403675X
9782344036761,2344036768
9782344036778,2344036776
9782344036785,2344036784
9782344036792,2344036792
9782344036808,
9782344036815,2344036814
9782344036846,2344036849
9782344036853,2344036857
9782344036860,2344036865
9782344036877,2344036873
9782344036884,
9782344036969,2344036962
9782344037003,2344037004
9782344037010,2344037012
9782344037027,2344037020
9782344037034,2344037039
9782344037041,2344037047
9782344037058,
9782344037065,
9782344037089,234403708X
9782344037096,2344037098
9782344037102,2344037101
9782344037119,234403711X
9782344037126,2344037128
9782344037133,2344037136
9782344037140,2344037144
9782344037157,2344037152
9782344037171,2344037179
9782344037188,2344037187
9782344037195,2344037195
9782344037201,2344037209
9782344037218,2344037217
9782344037225,2344037225
9782344037232,2344037233
9782344037263,2344037268
9782344037270,
9782344037287,2344037284
9782344037294,2344037292
9782344037300,2344037306
9782344037317,2344037314
9782344037324,2344037322
9782344037331,2344037330
9782344037348,2344037349
9782344037355,2344037357
9782344037362,2344037365
9782344037386,2344037381
9782344037393,234403739X
9782344037409,2344037403
9782344037416,2344037411
9782344037423,
9782344037430,2344037438
9782344037447,2344037446
9782344037454,2344037454
9782344037461,2344037462
9782344037478,2344037470
9782344037485,2344037489
9782344037492,2344037497
9782344037508,2344037500
9782344037522,2344037527
9782344037539,2344037535
9782344037546,2344037543
9782344037553,2344037551
9782344037560,234403756X
9782344037577,2344037578
9782344037584,2344037586
9782344037591,2344037594
9782344037607,2344037608
9782344037614,2344037616
9782344037621,2344037624
9782344037638,2344037632
9782344037645,2344037640
9782344037652,2344037659
9782344037669,2344037667
9782344037676,2344037675
9782344037683,2344037683
9782344037720,2344037721
9782344037737,234403773X
9782344037768,2344037764
9782344037782,2344037780
9782344037799,2344037799
9782344037812,2344037810
9782344037829,2344037829
9782344037836,
9782344037867,2344037861
9782344037874,234403787X
9782344037881,2344037888
9782344037898,2344037896
9782344037904,234403790X
9782344037911,2344037918
9782344037928,2344037926
9782344037935,2344037934
9782344037942,2344037942
9782344037966,
9782344037973,2344037977
9782344037980,2344037985
9782344037997,2344037993
9782344038000,2344038000
9782344038017,
9782344038024,2344038027
9782344038031,2344038035
9782344038048,2344038043
9782344038079,2344038078
9782344038093,2344038094
9782344038116,2344038116
9782344038123,2344038124
9782344038130,2344038132
9782344038147,2344038140
9782344038154,
9782344038161,2344038167
9782344038178,2344038175
9782344038185,2344038183
9782344038192,
9782344038208,2344038205
9782344038215,2344038213
9782344038222,2344038221
9782344038239,234403823X
9782344038246,2344038248
9782344038253,2344038256
9782344038260,
9782344038277,2344038272
9782344038284,
9782344038291,
9782344038314,2344038310
9782344038321,2344038329
9782344038345,2344038345
9782344038352,2344038353
9782344038369,2344038361
9782344038376,
9782344038390,
9782344038406,234403840X
9782344038413,2344038418
9782344038420,
9782344038437,2344038434
9782344038444,2344038442
9782344038451,
9782344038499,2344038493
9782344038505,
9782344038512,
9782344038529,2344038523
9782344038536,2344038531
9782344038543,234403854X
9782344038550,2344038558
9782344038567,
9782344038574,2344038574
9782344038598,2344038590
9782344038604,2344038604
9782344038611,2344038612
9782344038628,2344038620
9782344038635,2344038639
9782344038642,2344038647
9782344038659,2344038655
9782344038680,234403868X
9782344038697,2344038698
9782344038734,
9782344038741,2344038744
9782344038758,
9782344038765,2344038760
9782344038789,2344038787
9782344038796,2344038795
9782344038802,2344038809
9782344038819,2344038817
9782344038826,2344038825
9782344038833,2344038833
9782344038840,2344038841
9782344038857,234403885X
9782344038864,2344038868
9782344038871,2344038876
9782344038888,2344038884
9782344038895,2344038892
9782344038901,2344038906
9782344038918,2344038914
9782344038932,2344038930
9782344038956,2344038957
9782344038963,2344038965
9782344038970,
9782344038987,
9782344038994,234403899X
9782344039007,2344039007
9782344039014,2344039015
9782344039021,2344039023
9782344039038,2344039031
9782344039045,234403904X
9782344039052,2344039058
9782344039076,2344039074
9782344039083,2344039082
9782344039090,2344039090
9782344039106,2344039104
9782344039113,2344039112
9782344039120,2344039120
9782344039151,2344039155
9782344039182,234403918X
9782344039199,2344039198
9782344039205,2344039201
9782344039229,2344039228
9782344039274,2344039279
9782344039281,2344039287
9782344039304,
9782344039328,2344039325
9782344039366,2344039368
9782344039373,2344039376
9782344039380,2344039384
9782344039403,2344039406
9782344039410,2344039414
9782344039427,
9782344039434,
9782344039458,2344039457
9782344039465,2344039465
9782344039472,2344039473
9782344039496,234403949X
9782344039533,2344039538
9782344039540,2344039546
9782344039564,2344039562
9782344039571,
9782344039588,
9782344039595,2344039597
9782344039601,2344039600
9782344039618,2344039619
9782344039625,2344039627
9782344039632,
9782344039649,
9782344039656,
9782344039663,
9782344039670,2344039678
9782344039687,2344039686
9782344039694,2344039694
9782344039700,2344039708
9782344039724,2344039724
9782344039731,
9782344039748,2344039740
9782344039755,
9782344039816,2344039813
9782344039823,2344039821
9782344039847,2344039848
9782344039854,2344039856
9782344039861,
9782344039908,
9782344039939,
9782344039960,2344039961
9782344039977,234403997X
9782344039984,2344039988
9782344039991,2344039996
9782344040003,2344040005
9782344040041,
9782344040072,2344040072
9782344040089,2344040080
9782344040171,234404017X
9782344040188,
9782344040225,2344040226
9782344040232,2344040234
9782344040249,2344040242
9782344040256,2344040250
9782344040263,2344040269
9782344040270,
9782344040287,2344040285
9782344040294,2344040293
9782344040300,
9782344040324,2344040323
9782344040331,2344040331
9782344040348,234404034X
9782344040355,2344040358
9782344040362,
9782344040379,
9782344040386,2344040382
9782344040393,2344040390
9782344040409,2344040404
9782344040416,2344040412
9782344040423,2344040420
9782344040430,2344040439
9782344040447,2344040447
9782344040454,2344040455
9782344040461,2344040463
9782344040478,2344040471
9782344040485,234404048X
9782344040508,
9782344040539,2344040536
9782344040546,2344040544
9782344040553,2344040552
9782344040560,2344040560
9782344040577,
9782344040584,2344040587
9782344040621,2344040625
9782344040638,2344040633
9782344040645,2344040641
9782344040706,2344040706
9782344040713,
9782344040751,2344040757
9782344040768,2344040765
9782344040775,
9782344040782,
9782344040829,
9782344040843,2344040846
9782344040867,
9782344040874,
9782344040881,2344040889
9782344040898,2344040897
9782344040904,2344040900
9782344040911,2344040919
9782344040928,2344040927
9782344040935,2344040935
9782344040942,2344040943
9782344040959,2344040951
9782344040973,2344040978
9782344040980,
9782344040997,
9782344041000,
9782344041017,
9782344041024,
9782344041055,
9782344041062,2344041060
9782344041109,2344041109
9782344041116,
9782344041123,2344041125
9782344041130,
9782344041147,
9782344041154,234404115X
9782344041161,2344041168
9782344041185,2344041184
9782344041192,
9782344041208,2344041206
9782344041215,2344041214
9782344041222,2344041222
9782344041277,
9782344041291,234404129X
9782344041307,
9782344041314,
9782344041321,
9782344041338,2344041338
9782344041352,
9782344041369,
9782344041376,2344041370
9782344041383,2344041389
9782344041406,2344041400
9782344041413,2344041419
9782344041437,2344041435
9782344041444,2344041443
9782344041451,2344041451
9782344041468,234404146X
9782344041475,2344041478
9782344041482,2344041486
9782344041499,
9782344041505,2344041508
9782344041512,2344041516
9782344041536,2344041532
9782344041550,
9782344041567,2344041567
9782344041581,2344041583
9782344041598,2344041591
9782344041604,
9782344041611,2344041613
9782344041628,2344041621
9782344041635,234404163X
9782344041642,2344041648
9782344041659,2344041656
9782344041673,2344041672
9782344041680,
9782344041697,2344041699
9782344041703,2344041702
9782344041710,2344041710
9782344041734,2344041737
9782344041741,2344041745
9782344041772,
9782344041796,2344041796
9782344041819,
9782344041826,2344041826
9782344041833,2344041834
9782344041840,2344041842
9782344041857,
9782344041871,
9782344041888,
9782344041918,2344041915
9782344041925,
9782344041956,
9782344041970,2344041974
9782344041987,2344041982
9782344042014,2344042016
9782344042021,
9782344042038,2344042032
9782344042045,2344042040
9782344042113,2344042113
9782344042120,2344042121
9782344042137,234404213X
9782344042151,
9782344042175,
9782344042182,2344042180
9782344042199,2344042199
9782344042205,2344042202
9782344042212,
9782344042229,2344042229
9782344042236,2344042237
9782344042250,2344042253
9782344042267,2344042261
9782344042274,
9782344042281,2344042288
9782344042298,2344042296
9782344042304,234404230X
9782344042328,
9782344042335,
9782344042366,2344042369
9782344042380,
9782344042403,
9782344042427,2344042423
9782344042434,2344042431
9782344042441,234404244X
9782344042458,2344042458
9782344042465,
9782344042472,2344042474
9782344042496,2344042490
9782344042502,2344042504
9782344042519,
9782344042526,2344042520
9782344042533,
9782344042557,2344042555
9782344042564,2344042563
9782344042571,2344042571
9782344042588,234404258X
9782344042595,2344042598
9782344042601,
9782344042618,
9782344042625,2344042628
9782344042632,2344042636
9782344042687,2344042687
9782344042694,2344042695
9782344042786,2344042784
9782344042793,2344042792
9782344042809,2344042806
9782344042816,
9782344042847,2344042849
9782344042854,2344042857
9782344042861,
9782344042892,
9782344042908,2344042903
9782344042915,2344042911
9782344042922,234404292X
9782344042939,2344042938
9782344042946,
9782344042953,
9782344042960,2344042962
9782344042977,
9782344042984,2344042989
9782344042991,2344042997
9782344043004,2344043004
9782344043011,2344043012
9782344043059,
9782344043066,2344043063
9782344043073,
9782344043097,2344043098
9782344043103,2344043101
9782344043110,
9782344043127,2344043128
9782344043165,
9782344043172,2344043179
9782344043189,
9782344043202,
9782344043219,2344043217
9782344043226,2344043225
9782344043264,2344043268
9782344043288,2344043284
9782344043295,2344043292
9782344043301,2344043306
9782344043318,2344043314
9782344043325,2344043322
9782344043349,
9782344043363,2344043365
9782344043387,2344043381
9782344043394,
9782344043400,2344043403
9782344043424,234404342X
9782344043448,
9782344043455,2344043454
9782344043462,2344043462
9782344043479,2344043470
9782344043486,2344043489
9782344043493,
9782344043509,
9782344043516,2344043519
9782344043523,
9782344043530,
9782344043547,
9782344043554,
9782344043561,234404356X
9782344043592,2344043594
9782344043608,
9782344043615,2344043616
9782344043639,
9782344043646,
9782344043684,2344043683
9782344043721,2344043721
9782344043738,
9782344043745,2344043748
9782344043752,
9782344043769,
9782344043783,
9782344043806,
9782344043813,2344043810
9782344043820,
9782344043837,
9782344043844,2344043845
9782344043851,
9782344043868,2344043861
9782344043875,234404387X
9782344043899,
9782344043905,234404390X
9782344043912,2344043918
9782344043936,
9782344043943,
9782344043950,2344043950
9782344043974,2344043977
9782344043998,
9782344044070,2344044078
9782344044087,
9782344044094,
9782344044100,
9782344044117,2344044116
9782344044124,
9782344044148,
9782344044155,
9782344044162,2344044167
9782344044179,2344044175
9782344044223,
9782344044230,234404423X
9782344044247,
9782344044285,
9782344044308,2344044302
9782344044315,2344044310
9782344044339,2344044337
9782344044353,2344044353
9782344044384,
9782344044391,2344044396
9782344044421,2344044426
9782344044438,2344044434
9782344044469,
9782344044483,2344044485
9782344044490,
9782344044513,2344044515
9782344044537,
9782344044568,2344044566
9782344044582,
9782344044612,
9782344044636,
9782344044643,
9782344044667,2344044663
9782344044698,2344044698
9782344044704,
9782344044711,
9782344044728,
9782344044742,2344044744
9782344044766,
9782344044780,2344044787
9782344044797,
9782344044803,2344044809
9782344044810,
9782344044858,
9782344044865,2344044868
9782344044889,2344044884
9782344044896,2344044892
9782344044919,2344044914
9782344044926,2344044922
9782344044933,
9782344044957,
9782344044971,2344044973
9782344044988,2344044981
9782344044995,234404499X
9782344045015,2344045015
9782344045039,
9782344045046,234404504X
9782344045060,
9782344045077,2344045074
9782344045084,2344045082
9782344045091,2344045090
9782344045138,2344045139
9782344045176,
9782344045183,
9782344045275,2344045279
9782344045282,
9782344045299,2344045295
9782344045305,
9782344045312,2344045317
9782344045343,2344045341
9782344045350,234404535X
9782344045367,2344045368
9782344045381,
9782344045398,
9782344045404,2344045406
9782344045411,
9782344045442,
9782344045459,
9782344045480,
9782344045497,
9782344045510,
9782344045527,
9782344045534,2344045538
9782344045541,
9782344045558,
9782344045565,
9782344045572,
9782344045589,2344045589
9782344045626,
9782344045633,
9782344045640,
9782344045657,
9782344045725,2344045724
9782344045787,2344045783
9782344045794,
9782344045800,
9782344045817,2344045813
9782344045824,
9782344045848,
9782344045855,2344045856
9782344045862,
9782344045886,
9782344045893,
9782344046012,
9782344046036,2344046038
9782344046043,2344046046
9782344046050,
9782344046067,
9782344046098,
9782344046111,2344046119
9782344046128,
9782344046135,
9782344046142,2344046143
9782344046166,
9782344046203,
9782344046227,
9782344046241,2344046240
9782344046296,2344046291
9782344046319,
9782344046326,
9782344046333,
9782344046364,2344046364
9782344046371,
9782344046388,2344046380
9782344046401,2344046402
9782344046418,2344046410
9782344046432,2344046437
9782344046449,
9782344046456,2344046453
9782344046463,
9782344046487,2344046488
9782344046494,2344046496
9782344046500,234404650X
9782344046517,
9782344046524,
9782344046579,
9782344046586,
9782344046609,2344046607
9782344046616,
9782344046623,2344046623
9782344046647,234404664X
9782344046654,2344046658
9782344046661,
9782344046678,
9782344046685,
9782344046692,
9782344046722,
9782344046739,2344046739
9782344046746,2344046747
9782344046807,
9782344046821,
9782344046852,2344046852
9782344046876,
9782344046883,2344046887
9782344046906,2344046909
9782344046913,
9782344046920,
9782344046944,
9782344046951,234404695X
9782344047019,
9782344047040,
9782344047057,
9782344047071,
9782344047088,2344047085
9782344047101,
9782344047132,
9782344047149,
9782344047156,2344047158
9782344047170,
9782344047224,2344047220
9782344047248,
9782344047255,
9782344047262,
9782344047279,
9782344047286,
9782344047293,
9782344047309,
9782344047316,
9782344047323,
9782344047347,
9782344047354,2344047352
9782344047361,
9782344047378,
9782344047385,
9782344047392,
9782344047408,
9782344047415,
9782344047422,
9782344047439,2344047433
9782344047446,
9782344047453,
9782344047460,2344047468
9782344047477,
9782344047507,
9782344047521,2344047522
9782344047552,
9782344047569,2344047565
9782344047576,2344047573
9782344047583,
9782344047590,
9782344047606,
9782344047613,
9782344047637,
9782344047668,
9782344047675,
9782344047682,
9782344047699,
9782344047712,
9782344047729,2344047727
9782344047736,2344047735
9782344047743,
9782344047767,
9782344047774,
9782344047781,
9782344047804,2344047808
9782344047811,
9782344047835,
9782344047866,
9782344047873,
9782344047880,
9782344047897,
9782344047927,2344047921
9782344047941,
9782344047965,
9782344048023,
9782344048047,
9782344048092,
9782344048139,
9782344048146,
9782344048214,
9782344048221,
9782344048245,
9782344048252,2344048251
9782344048375,
9782344048443,
9782344048450,
9782344048474,
9782344048481,
9782344048511,
9782344048528,
9782344048535,
9782344048542,
9782344048566,
9782344048573,
9782344048580,
9782344048597,
9782344048610,
9782344048627,
9782344048634,
9782344048696,
9782344048702,
9782344048719,
9782344048733,
9782344048740,
9782344048757,
9782344048764,
9782344048771,
9782344048801,
9782344048818,
9782344048825,
9782344048870,
9782344048900,
9782344048917,
9782344048924,
9782344048931,
9782344048948,
9782344049310,
9782344049327,
9782344049334,
9782344049358,
9782344049372,2344049371
9782344049419,
9782344049426,
9782344049433,
9782344049471,
9782344049501,
9782344049525,
9782344049532,
9782344049648,
9782344049655,
9782344049709,
9782348036293,2348036290
9782348036316,2348036312
9782348036484,2348036487
9782348036491,2348036495
9782348037146,2348037149
9782348037191,234803719X
9782348037498,2348037491
9782348037542,2348037548
9782348037672,234803767X
9782348037689,2348037688
9782348040436,2348040433
9782348040450,234804045X
9782348040467,
9782348040474,2348040476
9782348040498,2348040492
9782348040627,234804062X
9782348040924,2348040921
9782348041075,2348041073
9782348041457,2348041456
9782348041464,
9782348041471,
9782348041495,2348041499
9782348041709,
9782348041716,2348041715
9782348041747,234804174X
9782348041754,2348041758
9782348041761,2348041766
9782348041785,2348041782
9782348041792,2348041790
9782348041808,2348041804
9782348041815,2348041812
9782348041822,2348041820
9782348041853,
9782348041877,2348041871
9782348041884,234804188X
9782348041945,2348041944
9782348041952,2348041952
9782348041976,2348041979
9782348042027,2348042029
9782348042140,2348042142
9782348042164,
9782348042263,2348042266
9782348042270,2348042274
9782348042690,234804269X
9782348042706,2348042703
9782348042720,234804272X
9782348042737,2348042738
9782348042744,2348042746
9782348042768,2348042762
9782348042775,2348042770
9782348042782,2348042789
9782348042799,
9782348042843,2348042843
9782348042867,234804286X
9782348042874,2348042878
9782348042881,2348042886
9782348042898,2348042894
9782348042904,2348042908
9782348042911,2348042916
9782348042935,2348042932
9782348042942,2348042940
9782348043116,2348043114
9782348043420,2348043424
9782348043444,2348043440
9782348043468,2348043467
9782348043475,2348043475
9782348043482,2348043483
9782348043512,2348043513
9782348043536,234804353X
9782348043543,2348043548
9782348043550,2348043556
9782348043567,2348043564
9782348043574,2348043572
9782348043581,2348043580
9782348043598,2348043599
9782348043611,2348043610
9782348043628,2348043629
9782348043635,2348043637
9782348043666,2348043661
9782348043673,234804367X
9782348043703,234804370X
9782348043765,2348043769
9782348043772,
9782348043789,2348043785
9782348044304,
9782348044373,
9782348044380,2348044382
9782348044397,2348044390
9782348044472,2348044471
9782348044816,2348044811
9782348044823,234804482X
9782348044885,
9782348045011,234804501X
9782348045035,2348045036
9782348045387,2348045389
9782348045394,2348045397
9782348045653,2348045656
9782348045677,2348045672
9782348045684,2348045680
9782348045691,2348045699
9782348045707,2348045702
9782348045714,2348045710
9782348045721,2348045729
9782348045738,2348045737
9782348045745,2348045745
9782348045769,2348045761
9782348045776,234804577X
9782348045783,2348045788
9782348045790,2348045796
9782348045868,2348045869
9782348045882,2348045885
9782348045950,2348045958
9782348046148,2348046148
9782348046155,2348046156
9782348046216,2348046210
9782348046223,
9782348046230,
9782348046247,2348046245
9782348046780,2348046784
9782348054570,2348054574
9782348054600,2348054604
9782348054631,2348054639
9782348054648,2348054647
9782348054693,2348054698
9782348054709,2348054701
9782348054716,234805471X
9782348054723,2348054728
9782348054747,2348054744
9782348054754,2348054752
9782348054778,2348054779
9782348054792,2348054795
9782348054815,2348054817
9782348054839,2348054833
9782348054846,
9782348054877,2348054876
9782348055171,2348055171
9782348055188,234805518X
9782348055232,2348055236
9782348055379,
9782348055386,
9782348055393,2348055392
9782348055409,
9782348055522,234805552X
9782348055577,2348055570
9782348055584,2348055589
9782348055607,
9782348055614,2348055619
9782348055621,2348055627
9782348055843,2348055848
9782348055850,2348055856
9782348055867,
9782348057359,2348057352
9782348057373,2348057379
9782348057465,2348057468
9782348057472,2348057476
9782348057496,2348057492
9782348057502,2348057506
9782348057519,2348057514
9782348057526,2348057522
9782348057540,2348057549
9782348057557,2348057557
9782348057564,2348057565
9782348057571,2348057573
9782348057588,2348057581
9782348057595,234805759X
9782348057830,
9782348057847,2348057840
9782348057854,
9782348057892,2348057891
9782348057939,
9782348058141,2348058146
9782348058615,
9782348058622,2348058626
9782348058639,2348058634
9782348058646,2348058642
9782348058912,234805891X
9782348058936,2348058936
9782348059001,2348059002
9782348059018,2348059010
9782348059025,
9782348059032,
9782348059049,
9782348059056,2348059053
9782348059063,
9782348059070,234805907X
9782348059087,2348059088
9782348059353,2348059355
9782348059377,2348059371
9782348059551,234805955X
9782348059575,2348059576
9782348059636,2348059630
9782348059667,2348059665
9782348059728,234805972X
9782348059803,2348059800
9782348059858,2348059851
9782348059940,2348059940
9782348060175,2348060175
9782348060182,
9782348060199,
9782348060205,2348060205
9782348060229,
9782348060236,
9782348060250,2348060256
9782348060267,
9782348060274,
9782348060281,2348060280
9782348060298,
9782348060519,2348060515
9782348060595,2348060590
9782348063985,2348063980
9782348064012,2348064014
9782348064029,2348064022
9782348064050,
9782348064111,2348064111
9782348064142,2348064146
9782348064173,2348064170
9782348064227,2348064227
9782348064241,2348064243
9782348064258,
9782348064760,
9782348064791,
9782348064814,2348064812
9782348064869,
9782348064920,2348064928
9782348065101,
9782348065125,
9782348065330,
9782348065378,
9782348065392,
9782348065422,
9782348065446,2348065444
9782348065453,
9782348065460,
9782348065477,
9782348065484,
9782348065835,2348065835
9782348065866,234806586X
9782348066122,2348066122
9782348066153,2348066157
9782348066450,
9782348066696,
9782348066702,234806670X
9782348066733,2348066734
9782348067280,2348067285
9782348067303,
9782348067310,2348067315
9782348067327,2348067323
9782348067334,2348067331
9782348067358,
9782348067365,
9782348067372,
9782348067389,
9782348067976,2348067978
9782348067990,2348067994
9782348068140,2348068141
9782348068188,
9782348068249,
9782348068584,2348068583
9782348068614,2348068613
9782348068737,
9782348068799,
9782348068805,234806880X
9782348068935,
9782348069130,
9782348069147,
9782348069215,
9782348069239,2348069237
9782348069277,234806927X
9782350005447,2350005445
9782350005553,2350005550
9782350005577,2350005577
9782350005584,2350005585
9782350005607,2350005607
9782350005614,2350005615
9782350005652,2350005658
9782350005676,2350005674
9782350005980,
9782350005997,2350005992
9782350006079,2350006077
9782350006086,2350006085
9782350006161,2350006166
9782350006185,2350006182
9782350006208,2350006204
9782350006277,2350006271
9782350006291,2350006298
9782350006314,235000631X
9782350006383,2350006387
9782350006420,2350006425
9782350006529,2350006522
9782350006604,2350006603
9782350006611,2350006611
9782350006642,2350006646
9782350006666,2350006662
9782350006680,2350006689
9782350006826,2350006824
9782350006864,2350006867
9782350006895,2350006891
9782350006925,2350006921
9782350006970,2350006972
9782350006994,2350006999
9782350007168,2350007162
9782350007182,2350007189
9782350007250,2350007251
9782350007281,2350007286
9782350007304,2350007308
9782350007342,2350007340
9782350007380,2350007383
9782350007496,2350007499
9782350007502,2350007502
9782350007540,2350007545
9782350007564,2350007561
9782350007588,2350007588
9782350007601,235000760X
9782350007618,2350007618
9782350007625,2350007626
9782350007823,2350007820
9782350007878,2350007871
9782350007908,2350007901
9782350007939,2350007936
9782350007946,2350007944
9782350007991,2350007995
9782350008011,
9782350008028,2350008029
9782350008097,2350008096
9782350008110,2350008118
9782350008165,2350008169
9782350008172,2350008177
9782350008189,2350008185
9782350008196,2350008193
9782350008202,2350008207
9782350008219,2350008215
9782350008226,2350008223
9782350008257,2350008258
9782350008264,2350008266
9782350008301,
9782350008325,2350008320
9782350008356,2350008355
9782350008400,2350008401
9782350008431,2350008436
9782350008448,2350008444
9782350008455,2350008452
9782350008462,2350008460
9782350008523,2350008525
9782350008554,235000855X
9782350008653,2350008657
9782350008660,2350008665
9782350008677,2350008673
9782350008691,235000869X
9782350008721,235000872X
9782350008738,2350008738
9782350008851,2350008851
9782350008868,235000886X
9782350008905,2350008908
9782350008936,2350008932
9782350008950,2350008959
9782350008967,2350008967
9782350009018,2350009017
9782350009032,2350009033
9782350009056,235000905X
9782350009063,2350009068
9782350009094,2350009092
9782350009100,2350009106
9782350009131,2350009130
9782350009148,2350009149
9782350009216,2350009211
9782350009254,2350009254
9782350009261,2350009262
9782350009285,2350009289
9782350009339,2350009335
9782350009346,2350009343
9782350009360,235000936X
9782350009407,2350009408
9782350009445,2350009440
9782350009469,2350009467
9782350009513,2350009513
9782350009575,2350009572
9782350009681,2350009688
9782350009698,2350009696
9782350009742,2350009742
9782350009766,2350009769
9782350009841,235000984X
9782350050034,
9782350050690,
9782350050935,2350050939
9782350051192,2350051196
9782350051369,2350051366
9782350051536,
9782350051567,2350051560
9782350051574,
9782350051581,2350051587
9782350051598,
9782350051635,
9782350051642,2350051641
9782350051659,
9782350051666,2350051668
9782350051673,2350051676
9782350051697,2350051692
9782350051710,
9782350051727,
9782350051734,2350051730
9782350051741,
9782350051765,
9782350051772,
9782350051819,
9782350051826,
9782350051833,2350051838
9782350051840,
9782350051857,
9782350051864,
9782350051871,
9782350051895,
9782350070674,2350070670
9782350072791,2350072797
9782350080567,2350080560
9782350170312,2350170314
9782350171692,2350171698
9782350171876,2350171876
9782350171975,2350171973
9782350172088,2350172082
9782350172118,2350172112
9782350172149,2350172147
9782350172170,2350172171
9782350172224,2350172228
9782350172248,2350172244
9782350172286,2350172287
9782350172316,2350172317
9782350172392,2350172392
9782350172408,2350172406
9782350172415,2350172414
9782350172422,2350172422
9782350172484,2350172481
9782350172521,235017252X
9782350172538,2350172538
9782350172552,2350172554
9782350172576,2350172570
9782350172613,2350172619
9782350172651,2350172651
9782350172675,2350172678
9782350172699,2350172694
9782350172880,2350172880
9782350172903,2350172902
9782350172910,2350172910
9782350172934,2350172937
9782350172958,2350172953
9782350172972,235017297X
9782350173023,235017302X
9782350173030,2350173038
9782350173054,2350173054
9782350173061,2350173062
9782350173085,2350173089
9782350173139,2350173135
9782350173146,2350173143
9782350173153,2350173151
9782350173160,235017316X
9782350173207,2350173208
9782350173214,2350173216
9782350173238,2350173232
9782350173252,2350173259
9782350173276,2350173275
9782350173283,2350173283
9782350173313,2350173313
9782350173320,2350173321
9782350173351,2350173356
9782350173511,2350173518
9782350173696,2350173690
9782350173764,2350173763
9782350173801,2350173801
9782350173856,2350173852
9782350173870,2350173879
9782350173900,2350173909
9782350173924,2350173925
9782350173931,2350173933
9782350173948,2350173941
9782350174303,
9782350174310,235017431X
9782350174327,2350174328
9782350174334,2350174336
9782350174426,2350174425
9782350174440,2350174441
9782350174457,235017445X
9782350174464,2350174468
9782350174471,2350174476
9782350174488,2350174484
9782350174495,2350174492
9782350174501,2350174506
9782350174518,2350174514
9782350174525,2350174522
9782350174549,2350174549
9782350174556,2350174557
9782350174563,2350174565
9782350174570,2350174573
9782350174587,2350174581
9782350174594,235017459X
9782350174600,2350174603
9782350174617,2350174611
9782350174624,235017462X
9782350174631,2350174638
9782350174648,2350174646
9782350174709,2350174700
9782350174716,2350174719
9782350174723,2350174727
9782350174730,2350174735
9782350174747,2350174743
9782350174754,2350174751
9782350174761,235017476X
9782350174778,2350174778
9782350174785,2350174786
9782350174792,2350174794
9782350174808,2350174808
9782350174815,2350174816
9782350174822,2350174824
9782350174884,2350174883
9782350174891,2350174891
9782350174914,2350174913
9782350174921,
9782350174990,2350174999
9782350175003,2350175006
9782350175027,2350175022
9782350175034,2350175030
9782350175041,2350175049
9782350175065,2350175065
9782350175072,2350175073
9782350175102,2350175103
9782350175119,2350175111
9782350175126,
9782350175140,
9782350175157,
9782350175164,
9782350175201,2350175200
9782350190808,
9782350190815,2350190811
9782350190822,235019082X
9782350190839,
9782350190860,2350190862
9782350190938,
9782350190945,
9782350190952,
9782350190969,
9782350190976,
9782350190990,
9782350191003,
9782350191010,
9782350191027,2350191028
9782350191065,
9782350191072,
9782350191102,2350191109
9782350191119,2350191117
9782350300009,2350300005
9782350300016,2350300013
9782350300023,2350300021
9782350300030,235030003X
9782350300054,2350300056
9782350300061,2350300064
9782350300092,2350300099
9782350300108,2350300102
9782350300153,2350300153
9782350300160,2350300161
9782350300177,235030017X
9782350300184,2350300188
9782350300191,2350300196
9782350300214,2350300218
9782350300221,2350300226
9782350300238,2350300234
9782350300245,2350300242
9782350300252,2350300250
9782350300269,2350300269
9782350300276,2350300277
9782350300283,2350300285
9782350300337,2350300331
9782350300344,235030034X
9782350300375,2350300374
9782350300382,2350300382
9782350300405,2350300404
9782350300429,2350300420
9782350300436,2350300439
9782350300450,2350300455
9782350300467,2350300463
9782350300474,2350300471
9782350300481,235030048X
9782350300498,2350300498
9782350300504,2350300501
9782350300511,235030051X
9782350300528,2350300528
9782350300535,2350300536
9782350300573,2350300579
9782350300580,2350300587
9782350300597,2350300595
9782350300603,2350300609
9782350300641,2350300641
9782350300665,2350300668
9782350300696,2350300692
9782350300719,2350300714
9782350300733,2350300730
9782350300740,2350300749
9782350300757,2350300757
9782350300764,2350300765
9782350300788,2350300781
9782350300795,235030079X
9782350300801,2350300803
9782350300818,2350300811
9782350300825,235030082X
9782350300832,2350300838
9782350300856,2350300854
9782350300863,2350300862
9782350300870,2350300870
9782350300887,2350300889
9782350300894,2350300897
9782350300900,2350300900
9782350300917,2350300919
9782350300924,2350300927
9782350300986,2350300986
9782350300993,2350300994
9782350301006,2350301001
9782350301020,2350301028
9782350301037,2350301036
9782350301051,2350301052
9782350301068,2350301060
9782350301075,2350301079
9782350301082,2350301087
9782350301105,2350301109
9782350301112,2350301117
9782350301129,2350301125
9782350301136,2350301133
9782350301143,2350301141
9782350301150,235030115X
9782350301174,2350301176
9782350301181,2350301184
9782350301198,2350301192
9782350301204,2350301206
9782350301211,
9782350301228,
9782350301242,2350301249
9782350301259,2350301257
9782350301266,2350301265
9782350301273,2350301273
9782350301280,2350301281
9782350301297,235030129X
9782350301303,2350301303
9782350301310,2350301311
9782350301327,235030132X
9782350301334,2350301338
9782350301341,2350301346
9782350301358,2350301354
9782350301365,2350301362
9782350301372,2350301370
9782350301389,2350301389
9782350301396,2350301397
9782350301402,2350301400
9782350301419,2350301419
9782350301426,2350301427
9782350301433,2350301435
9782350301440,2350301443
9782350301457,2350301451
9782350301464,235030146X
9782350301495,2350301494
9782350301518,2350301516
9782350301532,2350301532
9782350301549,
9782350301556,2350301559
9782350301570,
9782350301587,2350301583
9782350301594,2350301591
9782350301600,2350301605
9782350301617,2350301613
9782350301624,2350301621
9782350301648,2350301648
9782350301655,2350301656
9782350301662,2350301664
9782350301679,2350301672
9782350301686,2350301680
9782350301693,2350301699
9782350301709,2350301702
9782350301716,2350301710
9782350301723,2350301729
9782350301730,2350301737
9782350301754,2350301753
9782350301761,2350301761
9782350301778,235030177X
9782350301785,2350301788
9782350301792,2350301796
9782350301808,235030180X
9782350301822,2350301826
9782350301846,2350301842
9782350301853,2350301850
9782350301860,2350301869
9782350301877,2350301877
9782350301884,2350301885
9782350301891,
9782350301907,
9782350301914,2350301915
9782350301921,2350301923
9782350301938,2350301931
9782350301969,
9782350301983,2350301982
9782350301990,2350301990
9782350302003,2350302008
9782350302010,2350302016
9782350302027,2350302024
9782350302041,2350302040
9782350302058,2350302059
9782350302065,2350302067
9782350302089,2350302083
9782350302096,2350302091
9782350302102,2350302105
9782350302119,2350302113
9782350302126,2350302121
9782350302133,235030213X
9782350302157,2350302156
9782350302164,2350302164
9782350302171,2350302172
9782350302188,2350302180
9782350302195,2350302199
9782350302201,2350302202
9782350302218,2350302210
9782350302225,2350302229
9782350302232,2350302237
9782350302249,2350302245
9782350302300,235030230X
9782350302317,2350302318
9782350302355,2350302350
9782350302362,2350302369
9782350302386,2350302385
9782350302393,2350302393
9782350302409,2350302407
9782350302416,2350302415
9782350302423,2350302423
9782350302430,2350302431
9782350302447,235030244X
9782350302454,2350302458
9782350302461,2350302466
9782350302478,2350302474
9782350302492,2350302490
9782350302508,2350302504
9782350302515,2350302512
9782350302522,2350302520
9782350302539,2350302539
9782350302546,2350302547
9782350302553,2350302555
9782350302560,2350302563
9782350302577,2350302571
9782350302584,235030258X
9782350302591,2350302598
9782350302607,2350302601
9782350302614,235030261X
9782350302621,2350302628
9782350302638,2350302636
9782350302645,2350302644
9782350302652,2350302652
9782350302669,2350302660
9782350302676,2350302679
9782350302690,2350302695
9782350302706,2350302709
9782350302713,2350302717
9782350302720,2350302725
9782350302737,2350302733
9782350302744,2350302741
9782350302751,235030275X
9782350302768,2350302768
9782350302775,2350302776
9782350302799,2350302792
9782350302805,2350302806
9782350302812,2350302814
9782350302850,2350302857
9782350302867,2350302865
9782350302874,2350302873
9782350302898,235030289X
9782350302904,2350302903
9782350302911,2350302911
9782350302928,235030292X
9782350302935,2350302938
9782350302942,2350302946
9782350302959,2350302954
9782350302966,2350302962
9782350302997,2350302997
9782350303000,2350303004
9782350303017,2350303012
9782350303024,2350303020
9782350303031,2350303039
9782350303048,2350303047
9782350303055,2350303055
9782350303062,2350303063
9782350303079,2350303071
9782350303086,235030308X
9782350303093,2350303098
9782350303109,2350303101
9782350303116,235030311X
9782350303123,2350303128
9782350303147,2350303144
9782350303154,2350303152
9782350303161,2350303160
9782350303185,2350303187
9782350303215,2350303217
9782350303222,2350303225
9782350303239,2350303233
9782350303253,235030325X
9782350303284,2350303284
9782350303291,2350303292
9782350303307,2350303306
9782350303314,2350303314
9782350303321,2350303322
9782350303338,2350303330
9782350303352,2350303357
9782350303369,2350303365
9782350303376,2350303373
9782350303406,2350303403
9782350303413,2350303411
9782350303420,235030342X
9782350303437,2350303438
9782350303444,2350303446
9782350303451,2350303454
9782350303468,2350303462
9782350303475,2350303470
9782350303499,2350303497
9782350303505,2350303500
9782350303512,2350303519
9782350303529,2350303527
9782350303536,2350303535
9782350303543,2350303543
9782350303550,2350303551
9782350303581,2350303586
9782350303598,2350303594
9782350303604,2350303608
9782350303628,2350303624
9782350303635,2350303632
9782350303642,2350303640
9782350303659,2350303659
9782350303666,2350303667
9782350303673,2350303675
9782350303680,2350303683
9782350303703,2350303705
9782350303727,2350303721
9782350303758,2350303756
9782350303765,2350303764
9782350303772,2350303772
9782350303796,2350303799
9782350303802,2350303802
9782350303819,2350303810
9782350303826,2350303829
9782350303833,2350303837
9782350303840,2350303845
9782350303857,2350303853
9782350303864,2350303861
9782350303871,235030387X
9782350303888,2350303888
9782350303895,2350303896
9782350303918,2350303918
9782350303925,2350303926
9782350303932,2350303934
9782350303949,2350303942
9782350303956,2350303950
9782350303963,2350303969
9782350303970,2350303977
9782350303987,2350303985
9782350303994,2350303993
9782350304007,2350304000
9782350304014,2350304019
9782350304021,2350304027
9782350304038,2350304035
9782350304052,2350304051
9782350304069,235030406X
9782350304076,2350304078
9782350304083,2350304086
9782350304090,2350304094
9782350304106,2350304108
9782350304113,2350304116
9782350304120,2350304124
9782350304137,2350304132
9782350304144,2350304140
9782350304151,2350304159
9782350304168,2350304167
9782350304175,2350304175
9782350304199,2350304191
9782350304205,2350304205
9782350304212,2350304213
9782350304236,
9782350304243,2350304248
9782350304281,2350304280
9782350304298,2350304299
9782350304304,2350304302
9782350304311,2350304310
9782350304335,2350304337
9782350304342,2350304345
9782350304359,2350304353
9782350304366,2350304361
9782350304373,235030437X
9782350304380,2350304388
9782350304403,235030440X
9782350304410,2350304418
9782350304427,2350304426
9782350304434,2350304434
9782350304441,2350304442
9782350304465,2350304469
9782350304489,2350304485
9782350304496,2350304493
9782350304502,2350304507
9782350304519,2350304515
9782350304526,2350304523
9782350304540,235030454X
9782350304564,2350304566
9782350304571,2350304574
9782350304588,2350304582
9782350304595,2350304590
9782350304601,2350304604
9782350304618,2350304612
9782350304625,2350304620
9782350304632,2350304639
9782350304649,2350304647
9782350304656,2350304655
9782350304670,2350304671
9782350304694,2350304698
9782350304700,2350304701
9782350304717,235030471X
9782350304724,2350304728
9782350304748,2350304744
9782350304755,2350304752
9782350304762,2350304760
9782350304779,2350304779
9782350304786,2350304787
9782350304793,2350304795
9782350304809,2350304809
9782350304816,2350304817
9782350304823,2350304825
9782350304830,2350304833
9782350304847,2350304841
9782350304878,2350304876
9782350304885,2350304884
9782350304908,2350304906
9782350304915,2350304914
9782350304922,2350304922
9782350304953,2350304957
9782350304960,2350304965
9782350304977,2350304973
9782350304984,2350304981
9782350304991,235030499X
9782350305004,2350305007
9782350305035,2350305031
9782350305042,235030504X
9782350305059,2350305058
9782350305066,2350305066
9782350305073,2350305074
9782350305080,2350305082
9782350305097,2350305090
9782350305103,2350305104
9782350305110,2350305112
9782350305134,2350305139
9782350305141,2350305147
9782350305158,2350305155
9782350305165,2350305163
9782350305172,2350305171
9782350305189,235030518X
9782350305196,2350305198
9782350305202,2350305201
9782350305226,2350305228
9782350305233,2350305236
9782350305240,2350305244
9782350305257,2350305252
9782350305264,2350305260
9782350305271,2350305279
9782350305288,2350305287
9782350305295,2350305295
9782350305301,2350305309
9782350305318,2350305317
9782350305325,2350305325
9782350305349,2350305341
9782350305356,235030535X
9782350305363,2350305368
9782350305370,2350305376
9782350305387,2350305384
9782350305394,2350305392
9782350305417,2350305414
9782350305424,2350305422
9782350305431,2350305430
9782350305448,2350305449
9782350305455,2350305457
9782350305462,2350305465
9782350305479,2350305473
9782350305509,2350305503
9782350305523,235030552X
9782350305530,2350305538
9782350305547,2350305546
9782350305554,2350305554
9782350305561,2350305562
9782350305578,2350305570
9782350305585,2350305589
9782350305592,2350305597
9782350305608,2350305600
9782350305622,2350305627
9782350305639,2350305635
9782350305646,2350305643
9782350305653,2350305651
9782350305660,235030566X
9782350305677,2350305678
9782350305684,2350305686
9782350305691,2350305694
9782350305707,2350305708
9782350305714,2350305716
9782350305721,2350305724
9782350305745,2350305740
9782350305752,2350305759
9782350305769,2350305767
9782350305776,2350305775
9782350305783,2350305783
9782350305806,2350305805
9782350305813,2350305813
9782350305820,2350305821
9782350305837,235030583X
9782350305844,2350305848
9782350305851,2350305856
9782350305868,2350305864
9782350305875,2350305872
9782350305882,2350305880
9782350305899,2350305899
9782350305905,2350305902
9782350305912,2350305910
9782350305929,2350305929
9782350305936,
9782350305943,2350305945
9782350305950,2350305953
9782350305967,2350305961
9782350305981,2350305988
9782350305998,2350305996
9782350306001,
9782350306025,235030602X
9782350306032,2350306038
9782350306056,2350306054
9782350306063,2350306062
9782350306070,2350306070
9782350306087,2350306089
9782350306094,2350306097
9782350306100,2350306100
9782350306117,2350306119
9782350306124,2350306127
9782350306131,2350306135
9782350306148,2350306143
9782350306155,2350306151
9782350306162,235030616X
9782350306179,2350306178
9782350306186,2350306186
9782350306193,2350306194
9782350306209,2350306208
9782350306216,2350306216
9782350306223,2350306224
9782350306230,2350306232
9782350306247,2350306240
9782350306254,2350306259
9782350306261,2350306267
9782350306278,2350306275
9782350306285,2350306283
9782350306292,2350306291
9782350306308,2350306305
9782350306315,2350306313
9782350306322,2350306321
9782350306346,2350306348
9782350306353,2350306356
9782350306360,2350306364
9782350306384,2350306380
9782350306391,2350306399
9782350306407,2350306402
9782350306414,2350306410
9782350306421,2350306429
9782350306445,2350306445
9782350306452,2350306453
9782350306469,2350306461
9782350306476,235030647X
9782350306483,2350306488
9782350306490,2350306496
9782350306506,235030650X
9782350306513,
9782350306520,
9782350306537,
9782350306544,
9782350306551,
9782350306568,
9782350306575,
9782350306582,2350306585
9782350306599,2350306593
9782350306605,
9782350306612,
9782350306629,
9782350306636,2350306631
9782350306643,
9782350306667,
9782350306674,
9782350306681,
9782350306698,
9782350306704,
9782350306711,2350306712
9782350306728,2350306720
9782350306735,
9782350306742,
9782350306759,
9782350306766,
9782350306773,
9782350306780,
9782350306797,
9782350306803,
9782350306810,
9782350306827,
9782350306841,2350306844
9782350306858,
9782350306865,
9782350306872,2350306879
9782350306889,
9782350306896,
9782350306902,2350306909
9782350306926,
9782350306933,2350306933
9782350306940,2350306941
9782350306957,
9782350306964,2350306968
9782350306971,2350306976
9782350306988,
9782350306995,
9782350307008,
9782350307015,2350307018
9782350307022,2350307026
9782350307039,2350307034
9782350307046,
9782350307053,
9782350307060,
9782350307077,
9782350307084,
9782350307091,
9782350307114,
9782350307121,
9782350307138,
9782350307145,
9782350307183,
9782350307190,
9782350307206,
9782350307213,
9782350307220,
9782350307237,
9782350307244,
9782350307251,
9782350321936,2350321932
9782350322094,2350322092
9782350322179,2350322173
9782350322605,2350322602
9782350322629,2350322629
9782350322698,2350322696
9782350322858,2350322858
9782350322889,2350322882
9782350323268,2350323269
9782350323282,2350323285
9782350323701,2350323706
9782350323718,2350323714
9782350323725,2350323722
9782350323732,2350323730
9782350323749,2350323749
9782350323756,2350323757
9782350323763,2350323765
9782350323770,2350323773
9782350323817,2350323811
9782350323824,235032382X
9782350323831,2350323838
9782350323848,2350323846
9782350323855,2350323854
9782350323862,
9782350323886,2350323889
9782350323893,
9782350323909,2350323900
9782350323923,
9782350323930,
9782350323954,2350323951
9782350323961,
9782350323978,
9782350323985,
9782350450063,
9782350450100,
9782350450186,235045018X
9782350450193,2350450198
9782350450209,
9782350450261,
9782350450278,
9782350450285,2350450287
9782350450292,
9782350450308,
9782350450315,2350450317
9782350450322,
9782350450339,
9782350450346,
9782350450421,
9782350450438,
9782350450544,2350450546
9782350450551,
9782350450568,
9782350450582,
9782350450636,
9782350450834,235045083X
9782350450841,2350450848
9782350450858,
9782350450865,2350450864
9782350450919,
9782350450926,2350450929
9782350450940,
9782350450957,
9782350450964,2350450961
9782350450971,235045097X
9782350450995,2350450996
9782350451008,
9782350451060,
9782350451077,
9782350451084,
9782350451152,
9782350460741,2350460746
9782350461922,2350461920
9782350461946,2350461947
9782350461953,2350461955
9782350461984,235046198X
9782350461991,2350461998
9782350462004,2350462005
9782350462028,2350462021
9782350462035,235046203X
9782350462066,2350462064
9782350462073,2350462072
9782350462080,2350462080
9782350462110,2350462110
9782350462127,2350462129
9782350462134,2350462137
9782350462158,2350462153
9782350462165,2350462161
9782350462172,235046217X
9782350462196,2350462196
9782350462202,235046220X
9782350462226,2350462226
9782350462233,2350462234
9782350462264,2350462269
9782350462295,2350462293
9782350462318,2350462315
9782350462325,
9782350462332,2350462331
9782350462349,
9782350462356,2350462358
9782350462363,2350462366
9782350462387,2350462382
9782350462394,
9782350462424,2350462420
9782350462431,2350462439
9782350462455,2350462455
9782350462462,2350462463
9782350462479,2350462471
9782350462516,235046251X
9782350462523,2350462528
9782350462530,2350462536
9782350462554,2350462552
9782350462561,2350462560
9782350462578,2350462579
9782350462615,2350462617
9782350462639,2350462633
9782350462646,2350462641
9782350462653,235046265X
9782350462660,2350462668
9782350462813,2350462811
9782350462844,2350462846
9782350462905,2350462900
9782350462943,2350462943
9782350462967,235046296X
9782350462974,2350462978
9782350462981,2350462986
9782350462998,2350462994
9782350463001,2350463001
9782350463025,2350463028
9782350463049,2350463044
9782350463070,2350463079
9782350463087,2350463087
9782350463094,2350463095
9782350463100,2350463109
9782350463131,2350463133
9782350463148,2350463141
9782350463155,235046315X
9782350463179,2350463176
9782350463193,2350463192
9782350463223,2350463222
9782350463230,2350463230
9782350463247,2350463249
9782350463254,2350463257
9782350463261,2350463265
9782350463285,2350463281
9782350463292,235046329X
9782350463308,2350463303
9782350463315,2350463311
9782350463322,235046332X
9782350463339,2350463338
9782350463889,2350463885
9782350463896,2350463893
9782350463902,
9782350463926,
9782350463933,2350463931
9782350463957,2350463958
9782350463964,2350463966
9782350463971,
9782350463988,2350463982
9782350464022,
9782350464077,2350464075
9782350464442,235046444X
9782350464565,2350464563
9782350464572,
9782350464589,235046458X
9782350464596,2350464598
9782350464602,2350464601
9782350464640,
9782350464657,2350464652
9782350464664,
9782350464671,2350464679
9782350464695,2350464695
9782350464701,2350464709
9782350464718,2350464717
9782350464732,2350464733
9782350464749,
9782350464763,2350464768
9782350464794,2350464792
9782350464800,
9782350464817,
9782350464824,
9782350464831,2350464830
9782350464848,2350464849
9782350464855,
9782350464862,
9782350464879,
9782350464886,2350464881
9782350464893,
9782350464909,
9782350464916,2350464911
9782350464923,
9782350464930,
9782350464947,2350464946
9782350464954,
9782350464961,
9782350464978,2350464970
9782350464992,2350464997
9782350465005,
9782350465012,2350465012
9782350465029,
9782350465036,
9782350465043,
9782350465050,
9782350465074,2350465071
9782350465081,
9782350465098,
9782350465104,
9782350465111,
9782350465128,
9782350465135,
9782350465142,
9782350465159,
9782350465166,2350465160
9782350465180,
9782350465203,
9782350465210,
9782350465227,
9782350465258,
9782350465265,
9782350465272,
9782350465289,
9782350470016,
9782350470023,
9782350470030,2350470032
9782350470283,
9782350470344,2350470342
9782350470573,2350470571
9782350477831,
9782350477893,
9782350477916,
9782350478067,
9782350478180,
9782350478197,
9782350478203,
9782350478210,
9782350478227,
9782350478234,
9782350478241,
9782350478432,2350478432
9782350478449,
9782350478456,
9782350478524,
9782350478630,2350478637
9782350478647,
9782350478654,
9782350478661,
9782350478678,
9782350478685,
9782350478692,
9782350478708,
9782350478715,
9782350491035,235049103X
9782350491066,2350491064
9782350491073,2350491072
9782350491080,
9782350494418,2350494411
9782350510545,2350510549
9782350510569,2350510565
9782350510576,2350510573
9782350510590,235051059X
9782350510606,2350510603
9782350510637,2350510638
9782350510644,2350510646
9782350510651,2350510654
9782350510668,2350510662
9782350510699,2350510697
9782350510705,2350510700
9782350510712,2350510719
9782350550152,235055015X
9782350551463,2350551466
9782350551487,2350551482
9782350551494,2350551490
9782350551500,2350551504
9782350551517,2350551512
9782350551531,2350551539
9782350551548,2350551547
9782350551555,2350551555
9782350551623,2350551628
9782350551647,2350551644
9782350551692,2350551695
9782350551807,2350551806
9782350551814,2350551814
9782350551845,2350551849
9782350552491,2350552497
9782350552507,2350552500
9782350552521,2350552527
9782350552545,2350552543
9782350552552,2350552551
9782350552569,235055256X
9782350552576,2350552578
9782350552583,2350552586
9782350552590,2350552594
9782350552606,2350552608
9782350552613,2350552616
9782350552620,2350552624
9782350552637,2350552632
9782350552644,2350552640
9782350552651,2350552659
9782350552668,2350552667
9782350552675,2350552675
9782350552682,2350552683
9782350552699,
9782350552705,
9782350552750,
9782350552767,
9782350552774,2350552772
9782350552781,2350552780
9782350552798,
9782350552804,
9782350552828,2350552829
9782350552873,235055287X
9782350552880,
9782350552903,
9782350552910,
9782350560106,2350560104
9782350560113,
9782350560120,2350560120
9782350581309,2350581306
9782350581385,2350581381
9782350581989,2350581985
9782350582092,2350582094
9782350582276,2350582272
9782350582344,2350582345
9782350582627,
9782350582757,2350582752
9782350582900,2350582906
9782350583006,2350583007
9782350583228,2350583228
9782350583303,2350583309
9782350583532,2350583538
9782350583556,
9782350610085,235061008X
9782350610146,2350610144
9782350610221,2350610225
9782350610344,2350610349
9782350610566,235061056X
9782350610610,2350610616
9782350610771,2350610772
9782350610795,2350610799
9782350610825,2350610829
9782350610849,2350610845
9782350610863,
9782350650487,2350650480
9782350650494,2350650499
9782350650517,2350650510
9782350650524,2350650529
9782350650548,2350650545
9782350660349,2350660346
9782350660929,
9782350660936,
9782350660943,235066094X
9782350660950,
9782350660967,
9782350660981,
9782350660998,2350660990
9782350670218,235067021X
9782350670485,2350670481
9782350670508,2350670503
9782350670515,
9782350670522,235067052X
9782350670539,2350670538
9782350670546,2350670546
9782350670553,2350670554
9782350670560,2350670562
9782350670577,2350670570
9782350670584,2350670589
9782350670591,2350670597
9782350670607,2350670600
9782350670621,
9782350670638,2350670635
9782350670652,2350670651
9782350670690,2350670694
9782350670706,2350670708
9782350670713,2350670716
9782350670737,2350670732
9782350670744,2350670740
9782350670751,2350670759
9782350670768,2350670767
9782350670850,2350670856
9782350670867,2350670864
9782350670874,2350670872
9782350670881,2350670880
9782350670898,2350670899
9782350670904,2350670902
9782350670911,2350670910
9782350670942,2350670945
9782350670966,2350670961
9782350670973,235067097X
9782350670980,2350670988
9782350670997,2350670996
9782350671017,2350671011
9782350671116,2350671119
9782350671307,2350671305
9782350671338,235067133X
9782350671376,2350671372
9782350671529,2350671526
9782350671635,2350671631
9782350671680,2350671682
9782350671697,
9782350671734,2350671739
9782350671741,2350671747
9782350671758,2350671755
9782350671765,
9782350671802,
9782350671819,
9782350671826,2350671828
9782350671833,2350671836
9782350671840,2350671844
9782350671864,2350671860
9782350671871,2350671879
9782350671888,
9782350671895,2350671895
9782350671901,2350671909
9782350671918,2350671917
9782350671925,2350671925
9782350671932,
9782350671949,2350671941
9782350671956,
9782350671994,
9782350672007,235067200X
9782350672045,
9782350672052,
9782350672069,2350672069
9782350672076,
9782350672120,2350672123
9782350680781,2350680789
9782350681689,2350681688
9782350681795,2350681793
9782350681818,2350681815
9782350681825,
9782350681849,235068184X
9782350681863,2350681866
9782350681924,2350681920
9782350681948,2350681947
9782350681955,2350681955
9782350681962,2350681963
9782350681993,
9782350682013,
9782350682037,235068203X
9782350682044,
9782350682068,2350682064
9782350682099,2350682099
9782350682150,2350682153
9782350682167,2350682161
9782350682181,2350682188
9782350682211,2350682218
9782350682228,2350682226
9782350682242,2350682242
9782350682259,2350682250
9782350682280,
9782350682297,2350682293
9782350682358,
9782350682372,2350682374
9782350682396,
9782350682457,2350682455
9782350682464,2350682463
9782350682471,2350682471
9782350682556,2350682552
9782350682563,2350682560
9782350682587,2350682587
9782350682600,2350682609
9782350682624,2350682625
9782350682655,235068265X
9782350682693,2350682692
9782350682815,2350682811
9782350682891,2350682897
9782350682907,2350682900
9782350682921,2350682927
9782350682938,2350682935
9782350682952,
9782350682969,235068296X
9782350682976,2350682978
9782350683027,2350683028
9782350683034,2350683036
9782350683058,2350683052
9782350683089,2350683087
9782350683102,2350683109
9782350683133,2350683133
9782350683140,2350683141
9782350683164,2350683168
9782350683188,2350683184
9782350683195,2350683192
9782350683515,2350683516
9782350683621,
9782350683638,235068363X
9782350683669,2350683664
9782350683683,
9782350683706,
9782350683775,235068377X
9782350683799,
9782350684185,
9782350684222,
9782350684277,235068427X
9782350684338,2350684334
9782350684345,2350684342
9782350684352,2350684350
9782350684406,2350684407
9782350684444,235068444X
9782350684468,2350684466
9782350684475,2350684474
9782350685649,
9782350685663,
9782350685670,
9782350685700,2350685705
9782350685717,2350685713
9782350685854,2350685853
9782350686158,
9782350686219,
9782350686257,
9782350686387,2350686388
9782350686479,2350686477
9782350686486,2350686485
9782350686493,
9782350686509,
9782350686523,2350686523
9782350686530,2350686531
9782350686547,235068654X
9782350686554,
9782350686561,2350686566
9782350686585,2350686582
9782350686608,
9782350686615,2350686612
9782350686622,2350686620
9782350686653,2350686655
9782350686660,2350686663
9782350686684,235068668X
9782350686691,2350686698
9782350686714,235068671X
9782350686738,2350686736
9782350686745,
9782350686752,
9782350686769,2350686760
9782350686783,2350686787
9782350686806,2350686809
9782350686813,2350686817
9782350686820,2350686825
9782350686837,2350686833
9782350686844,
9782350686851,235068685X
9782350686868,2350686868
9782350686882,
9782350686899,2350686892
9782350686905,2350686906
9782350686912,2350686914
9782350686929,2350686922
9782350686936,2350686930
9782350686967,2350686965
9782350686974,2350686973
9782350686981,2350686981
9782350686998,
9782350687025,2350687023
9782350687032,2350687031
9782350687056,
9782350687063,2350687066
9782350687094,2350687090
9782350687513,
9782350687520,235068752X
9782350687537,2350687538
9782350687544,
9782350687681,2350687686
9782350687742,2350687740
9782350687766,2350687767
9782350687773,
9782350687797,2350687791
9782350687834,235068783X
9782350687964,2350687961
9782350687971,235068797X
9782350687995,2350687996
9782350688008,
9782350688015,
9782350688022,
9782350688039,
9782350688053,2350688054
9782350688060,
9782350688077,2350688070
9782350688107,2350688100
9782350688114,2350688119
9782350688121,2350688127
9782350688138,2350688135
9782350688145,2350688143
9782350688183,2350688186
9782350688190,2350688194
9782350688206,2350688208
9782350688275,2350688275
9782350688282,
9782350688305,2350688305
9782350688336,235068833X
9782350688374,
9782350688381,2350688380
9782350688404,2350688402
9782350688411,2350688410
9782350688428,
9782350688435,2350688437
9782350688442,2350688445
9782350688459,2350688453
9782350688480,2350688488
9782350688497,2350688496
9782350688589,
9782350688633,
9782350688640,
9782350688664,2350688666
9782350688671,2350688674
9782350688701,2350688704
9782350688718,2350688712
9782350688725,2350688720
9782350688732,
9782350688749,2350688747
9782350688763,2350688763
9782350688831,
9782350688893,
9782350688930,2350688933
9782350688985,2350688984
9782350689005,
9782350689012,
9782350689029,2350689026
9782350689036,2350689034
9782350689050,2350689050
9782350689067,2350689069
9782350689104,2350689107
9782350689142,
9782350689180,
9782350689197,
9782350689241,
9782350689258,
9782350689265,
9782350689272,
9782350689289,
9782350689302,
9782350689319,235068931X
9782350689326,2350689328
9782350689333,2350689336
9782350689340,
9782350689425,
9782350689449,2350689441
9782350689456,
9782350689500,
9782350689524,
9782350689531,
9782350689562,
9782350689579,
9782350731681,
9782350732183,
9782350732435,
9782350732503,
9782350733340,2350733343
9782350733371,
9782350733425,
9782350733449,2350733440
9782350733500,
9782350733524,
9782350733531,
9782350733579,
9782350733586,2350733580
9782350733593,
9782350733647,
9782350733661,2350733661
9782350733685,2350733688
9782350733708,235073370X
9782350733722,2350733726
9782350733739,
9782350733746,
9782350733753,
9782350733760,2350733769
9782350733807,
9782350733814,2350733815
9782350733876,
9782350733890,
9782350733906,
9782350733968,2350733963
9782350733975,
9782350733982,
9782350734033,
9782350734040,
9782350734071,2350734072
9782350734088,2350734080
9782350734095,
9782350734101,
9782350734125,
9782350734132,2350734137
9782350734163,2350734161
9782350734170,
9782350734187,
9782350734194,2350734196
9782350734200,
9782350734224,
9782350734231,2350734234
9782350734279,
9782350734286,2350734285
9782350734293,
9782350734354,2350734358
9782350734361,
9782350734385,
9782350734408,
9782350734439,2350734439
9782350734477,2350734471
9782350734484,
9782350734507,
9782350734514,235073451X
9782350734521,
9782350734538,
9782350734552,2350734552
9782350734576,
9782350734583,
9782350734606,2350734609
9782350734620,
9782350734644,2350734641
9782350734651,235073465X
9782350734668,
9782350734699,2350734692
9782350734712,
9782350734729,2350734722
9782350737294,
9782350737324,2350737322
9782350737416,
9782350737447,2350737446
9782350737492,
9782350737560,
9782350737591,2350737594
9782350737621,
9782350737713,
9782350737768,
9782350737799,
9782350737867,
9782350737935,
9782350737997,
9782350738017,2350738019
9782350738031,2350738035
9782350738109,
9782350738116,
9782350738147,
9782350738178,
9782350738215,
9782350738260,2350738264
9782350738345,2350738345
9782350738383,2350738388
9782350738413,
9782350738444,
9782350738451,
9782350738505,2350738507
9782350738543,235073854X
9782350738550,2350738558
9782350738567,
9782350738574,2350738574
9782350738604,
9782350738611,
9782350738628,
9782350738635,
9782350738666,
9782350738727,
9782350738772,
9782350738789,2350738787
9782350738802,
9782350738826,
9782350738833,
9782350738840,
9782350738871,
9782350738918,
9782350738970,
9782350739007,
9782350739021,
9782350739038,
9782350739090,
9782350739113,2350739112
9782350739120,
9782350739168,
9782350739243,2350739244
9782350739250,2350739252
9782350740041,2350740048
9782350740386,2350740382
9782350740416,2350740412
9782350740911,2350740919
9782350741673,
9782350741758,2350741753
9782350741765,2350741761
9782350741833,2350741834
9782350741864,2350741869
9782350741895,2350741893
9782350741918,2350741915
9782350741932,2350741931
9782350741956,2350741958
9782350741963,2350741966
9782350741970,2350741974
9782350741987,2350741982
9782350741994,2350741990
9782350742007,2350742008
9782350742014,2350742016
9782350742021,2350742024
9782350742038,2350742032
9782350742120,2350742121
9782350742137,235074213X
9782350742144,2350742148
9782350742199,2350742199
9782350742236,2350742237
9782350742243,2350742245
9782350742250,2350742253
9782350742267,2350742261
9782350742274,235074227X
9782350742298,2350742296
9782350742335,2350742334
9782350742366,2350742369
9782350742410,2350742415
9782350742427,2350742423
9782350742434,2350742431
9782350742458,2350742458
9782350742472,2350742474
9782350742557,2350742555
9782350742571,2350742571
9782350742588,235074258X
9782350742595,2350742598
9782350742601,2350742601
9782350742632,2350742636
9782350742649,2350742644
9782350742656,2350742652
9782350742670,2350742679
9782350742687,2350742687
9782350742694,2350742695
9782350742700,2350742709
9782350742724,2350742725
9782350742755,235074275X
9782350742762,2350742768
9782350742786,2350742784
9782350742809,2350742806
9782350742816,2350742814
9782350742823,2350742822
9782350742830,2350742830
9782350742847,2350742849
9782350742854,2350742857
9782350742878,2350742873
9782350742885,2350742881
9782350742892,235074289X
9782350742908,2350742903
9782350742915,2350742911
9782350742939,2350742938
9782350742953,2350742954
9782350742960,2350742962
9782350742977,2350742970
9782350742984,2350742989
9782350742991,2350742997
9782350743011,2350743012
9782350743028,2350743020
9782350743035,2350743039
9782350743066,2350743063
9782350743882,2350743888
9782350743899,2350743896
9782350743905,235074390X
9782350743912,2350743918
9782350743929,2350743926
9782350743936,2350743934
9782350743943,2350743942
9782350743950,2350743950
9782350745268,2350745260
9782350745275,2350745279
9782350745282,2350745287
9782350745299,2350745295
9782350745305,2350745309
9782350745312,
9782350745329,
9782350745336,2350745333
9782350745404,
9782350745411,
9782350745428,
9782350745435,2350745430
9782350745442,
9782350745459,
9782350745466,
9782350745473,
9782350745480,
9782350745497,235074549X
9782350745503,
9782350745510,
9782350745527,235074552X
9782350745534,2350745538
9782350745541,2350745546
9782350745558,2350745554
9782350745565,
9782350745572,
9782350745589,
9782350745596,2350745597
9782350745602,2350745600
9782350745619,2350745619
9782350745633,
9782350745657,
9782350745664,
9782350745671,
9782350745688,
9782350745695,
9782350745701,2350745708
9782350745718,2350745716
9782350745725,2350745724
9782350745732,2350745732
9782350745749,
9782350745756,
9782350745763,2350745767
9782350745770,
9782350745794,2350745791
9782350745800,
9782350745817,
9782350745831,
9782350745848,
9782350745855,
9782350745862,
9782350745879,
9782350745886,
9782350745893,2350745899
9782350745909,
9782350745916,2350745910
9782350745923,
9782350745930,2350745937
9782350745954,
9782350745961,2350745961
9782350745978,
9782350745985,
9782350745992,2350745996
9782350746029,
9782350746036,
9782350746043,
9782350746050,
9782350746067,
9782350746074,
9782350746081,
9782350746104,
9782350746128,
9782350746135,
9782350746159,
9782350746166,
9782350746173,
9782350746180,2350746186
9782350746197,
9782350746203,2350746208
9782350746210,2350746216
9782350746227,
9782350746234,
9782350746241,
9782350746258,
9782350746265,
9782350746272,
9782350746289,
9782350746296,
9782350746302,
9782350750859,
9782350761442,2350761444
9782350771878,2350771873
9782350771908,2350771903
9782350771960,2350771962
9782350772103,2350772101
9782350772110,235077211X
9782350772165,2350772160
9782350772301,2350772306
9782350772332,2350772330
9782350772516,2350772519
9782350772554,2350772551
9782350772561,235077256X
9782350772660,2350772667
9782350772769,2350772764
9782350772837,2350772837
9782350772851,2350772853
9782350772868,2350772861
9782350772899,2350772896
9782350772998,2350772993
9782350773100,2350773108
9782350773285,2350773280
9782350773308,2350773302
9782350773414,2350773418
9782350773421,2350773426
9782350773438,2350773434
9782350773445,2350773442
9782350773469,2350773469
9782350773483,2350773485
9782350773490,2350773493
9782350773506,2350773507
9782350773513,2350773515
9782350773537,2350773531
9782350773544,235077354X
9782350773551,2350773558
9782350773568,
9782350773582,2350773582
9782350773599,
9782350773605,2350773604
9782350773612,2350773612
9782350773650,
9782350773667,
9782350773674,
9782350773728,2350773728
9782350773735,2350773736
9782350773766,2350773760
9782350773780,
9782350773797,
9782350773803,
9782350773810,
9782350773827,
9782350773834,
9782350773841,
9782350773858,
9782350787862,2350787869
9782350787879,2350787877
9782350787886,2350787885
9782350788425,2350788423
9782350789309,2350789306
9782350789316,2350789314
9782350789323,2350789322
9782350789354,2350789357
9782350789415,2350789411
9782350789422,235078942X
9782350789460,2350789462
9782350789484,2350789489
9782350789606,B00511FVNY
9782350789804,2350789802
9782350800691,
9782350800707,2350800709
9782350800912,2350800911
9782350801056,
9782350801063,2350801063
9782350801155,2350801152
9782350801261,2350801268
9782350801278,
9782350801537,
9782350810188,
9782350810195,
9782350830544,2350830543
9782350870007,2350870006
9782350871394,2350871398
9782350871400,2350871401
9782350871417,235087141X
9782350871424,2350871428
9782350871431,2350871436
9782350871448,2350871444
9782350871455,2350871452
9782350871462,2350871460
9782350871479,2350871479
9782350871493,2350871495
9782350871516,2350871517
9782350871523,2350871525
9782350871530,2350871533
9782350871554,235087155X
9782350871561,2350871568
9782350871578,2350871576
9782350871585,2350871584
9782350871608,2350871606
9782350871639,2350871630
9782350871646,2350871649
9782350871691,235087169X
9782350871721,235087172X
9782350871745,2350871746
9782350871769,2350871762
9782350871776,2350871770
9782350871813,2350871819
9782350871837,2350871835
9782350871844,2350871843
9782350871851,2350871851
9782350871905,2350871908
9782350871943,2350871940
9782350871974,2350871975
9782350871981,2350871983
9782350872001,2350872009
9782350872063,2350872068
9782350872070,2350872076
9782350872087,2350872084
9782350872322,2350872327
9782350872339,2350872335
9782350872353,2350872351
9782350872391,2350872394
9782350872407,2350872408
9782350872438,2350872432
9782350872445,2350872440
9782350872452,2350872459
9782350872469,2350872467
9782350872476,2350872475
9782350872537,235087253X
9782350872544,2350872548
9782350872759,2350872750
9782350872773,2350872777
9782350872827,2350872823
9782350872858,2350872858
9782350872902,2350872904
9782350872919,2350872912
9782350873169,2350873161
9782350873480,235087348X
9782350873886,2350873889
9782350874685,2350874680
9782350874845,2350874842
9782350874869,2350874869
9782350874883,2350874885
9782350874906,2350874907
9782350874920,2350874923
9782350875101,2350875105
9782350875132,235087513X
9782350875163,2350875164
9782350875194,2350875199
9782350875224,2350875229
9782350875255,2350875253
9782350875286,2350875288
9782350875316,2350875318
9782350875347,2350875342
9782350875378,2350875377
9782350875408,2350875407
9782350875439,2350875431
9782350875460,2350875466
9782350875477,
9782350875484,2350875482
9782350875569,2350875563
9782350875576,2350875571
9782350875583,235087558X
9782350875590,2350875598
9782350876283,2350876284
9782350877006,2350877000
9782350877013,2350877019
9782350877044,2350877043
9782350877112,2350877116
9782350877143,2350877140
9782350877181,2350877183
9782350877198,2350877191
9782350877242,2350877248
9782350877259,
9782350877297,
9782350877303,
9782350877372,235087737X
9782350877389,2350877388
9782350877396,2350877396
9782350877433,
9782350877464,2350877469
9782350877532,2350877531
9782350877556,2350877558
9782350877563,2350877566
9782350877617,
9782350877624,2350877620
9782350877631,2350877639
9782350877686,235087768X
9782350877693,
9782350877730,2350877736
9782350880303,2350880303
9782350880310,2350880311
9782350880341,2350880346
9782350880372,2350880370
9782350880389,2350880389
9782350880396,2350880397
9782350880402,2350880400
9782350880419,2350880419
9782350880426,2350880427
9782350880433,2350880435
9782350880440,2350880443
9782350880457,2350880451
9782350880464,235088046X
9782350880488,2350880486
9782350880495,2350880494
9782350880501,2350880508
9782350880518,2350880516
9782350880532,2350880532
9782350880549,2350880540
9782350880556,2350880559
9782350880587,2350880583
9782350880594,2350880591
9782350880600,2350880605
9782350880686,2350880680
9782350880693,2350880699
9782350880723,2350880729
9782350880754,2350880753
9782350880761,2350880761
9782350880808,235088080X
9782350880822,2350880826
9782350880839,2350880834
9782350881478,2350881474
9782350881560,2350881563
9782350881607,2350881601
9782350881614,235088161X
9782350881683,2350881687
9782350881690,2350881695
9782350881737,2350881733
9782350881744,2350881741
9782350881751,
9782350881782,2350881784
9782350881799,2350881792
9782350881812,2350881814
9782350881836,
9782350881843,
9782350881850,
9782350881867,
9782350960043,2350960048
9782350960241,
9782350960296,2350960293
9782350960395,2350960390
9782350960432,2350960439
9782350960487,235096048X
9782350960517,235096051X
9782350960548,2350960544
9782350960562,2350960560
9782350960579,2350960579
9782350960616,2350960617
9782350960647,2350960641
9782350960692,2350960692
9782350960722,2350960722
9782350960784,2350960781
9782350960791,235096079X
9782350960807,2350960803
9782350960821,235096082X
9782350960838,2350960838
9782350960845,2350960846
9782350960869,2350960862
9782350960890,2350960897
9782350960913,2350960919
9782350960937,2350960935
9782350960951,2350960951
9782350960975,2350960978
9782351006061,2351006062
9782351006085,2351006089
9782351006122,2351006127
9782351006481,2351006488
9782351006566,2351006569
9782351007723,2351007727
9782351008676,
9782351008683,2351008685
9782351008690,2351008693
9782351008706,2351008707
9782351008713,2351008715
9782351008744,235100874X
9782351008812,
9782351008997,2351008995
9782351009895,2351009894
9782351009932,2351009932
9782351040621,
9782351040638,
9782351040645,2351040643
9782351040652,2351040651
9782351040676,
9782351040683,
9782351040706,
9782351040713,2351040716
9782351040737,
9782351040904,
9782351041185,
9782351041208,2351041208
9782351041215,
9782351041222,
9782351041239,
9782351041246,
9782351041253,
9782351041260,
9782351041284,
9782351041291,2351041291
9782351041307,
9782351041321,
9782351041345,2351041348
9782351041352,
9782351041369,
9782351041376,
9782351041383,
9782351041390,
9782351041406,
9782351041413,
9782351041420,
9782351041444,
9782351041451,
9782351041468,
9782351041475,
9782351041482,
9782351041499,
9782351041505,
9782351041512,
9782351041529,
9782351041543,
9782351041550,
9782351041567,
9782351050613,
9782351050651,
9782351050668,2351050665
9782351050675,2351050673
9782351050682,
9782351050712,2351050711
9782351050736,2351050738
9782351050774,
9782351050804,
9782351050811,
9782351050828,2351050827
9782351050835,
9782351050859,
9782351050866,235105086X
9782351050873,
9782351050880,2351050886
9782351050903,
9782351050958,
9782351050965,2351050967
9782351050996,
9782351051078,
9782351051085,2351051084
9782351051139,
9782351051146,
9782351051191,
9782351051207,
9782351051566,2351051564
9782351051597,2351051599
9782351051603,2351051602
9782351051610,2351051610
9782351051689,2351051688
9782351051696,2351051696
9782351051702,
9782351051719,2351051718
9782351051764,2351051769
9782351051795,2351051793
9782351051801,2351051807
9782351051818,2351051815
9782351051825,2351051823
9782351051832,2351051831
9782351051849,235105184X
9782351051856,2351051858
9782351051863,2351051866
9782351051870,
9782351051887,
9782351051894,
9782351051900,2351051904
9782351051917,2351051912
9782351051924,2351051920
9782351051931,
9782351051948,
9782351051955,
9782351051962,
9782351051979,
9782351051986,235105198X
9782351051993,
9782351130803,2351130804
9782351130841,2351130847
9782351130865,2351130863
9782351130872,2351130871
9782351131282,2351131282
9782351131299,2351131290
9782351131305,2351131304
9782351131329,2351131320
9782351131701,2351131703
9782351131725,235113172X
9782351132081,2351132084
9782351132234,2351132238
9782351132296,2351132297
9782351132456,2351132459
9782351133521,2351133528
9782351133538,2351133536
9782351133545,2351133544
9782351133569,2351133560
9782351133576,2351133579
9782351133583,2351133587
9782351133606,
9782351133613,
9782351133668,2351133668
9782351133675,
9782351133682,2351133684
9782351133699,
9782351133736,
9782351133743,
9782351170564,2351170563
9782351170618,235117061X
9782351170663,2351170660
9782351170687,2351170687
9782351170748,
9782351170878,
9782351170892,
9782351170908,
9782351170915,2351170911
9782351170922,
9782351170946,
9782351170953,
9782351180563,2351180569
9782351180587,2351180585
9782351180600,2351180607
9782351180648,235118064X
9782351180679,2351180674
9782351180693,2351180690
9782351180709,2351180704
9782351180716,2351180712
9782351180723,2351180720
9782351180730,2351180739
9782351180747,2351180747
9782351180754,2351180755
9782351180778,2351180771
9782351180808,2351180801
9782351180822,2351180828
9782351180839,2351180836
9782351180853,2351180852
9782351180860,2351180860
9782351180914,2351180917
9782351181119,2351181115
9782351181737,2351181735
9782351181874,2351181875
9782351181898,2351181891
9782351181904,2351181905
9782351181911,2351181913
9782351182048,2351182049
9782351182123,235118212X
9782351182130,2351182138
9782351182260,235118226X
9782351182277,2351182278
9782351182390,2351182391
9782351182420,2351182421
9782351182437,235118243X
9782351182505,2351182502
9782351182611,2351182618
9782351182819,2351182812
9782351182932,2351182936
9782351183014,2351183010
9782351183076,235118307X
9782351183113,2351183118
9782351183168,2351183169
9782351183212,2351183215
9782351183663,2351183665
9782351183823,2351183827
9782351183908,2351183908
9782351183915,2351183916
9782351183922,2351183924
9782351183939,2351183932
9782351183977,2351183975
9782351183984,2351183983
9782351183991,2351183991
9782351184004,2351184009
9782351184011,2351184017
9782351184059,235118405X
9782351184066,2351184068
9782351184073,2351184076
9782351184080,2351184084
9782351184097,2351184092
9782351184103,2351184106
9782351184110,2351184114
9782351184127,2351184122
9782351184134,2351184130
9782351184141,2351184149
9782351184165,2351184165
9782351184172,2351184173
9782351184189,2351184181
9782351184196,235118419X
9782351184202,2351184203
9782351184219,2351184211
9782351184226,235118422X
9782351184264,2351184262
9782351184271,2351184270
9782351184288,
9782351184295,2351184297
9782351184318,2351184319
9782351184325,
9782351184332,
9782351184356,2351184351
9782351184400,2351184408
9782351184417,2351184416
9782351184424,
9782351184431,2351184432
9782351184448,
9782351184493,2351184491
9782351184554,2351184556
9782351184578,
9782351184585,
9782351184592,2351184599
9782351184608,2351184602
9782351184615,2351184610
9782351184622,2351184629
9782351184776,2351184777
9782351184783,
9782351184790,
9782351184806,
9782351200339,2351200330
9782351200346,2351200349
9782351200360,
9782351200377,2351200373
9782351200384,
9782351200391,
9782351200414,2351200411
9782351200476,2351200470
9782351201572,
9782351201589,
9782351201596,
9782351201602,
9782351201619,2351201612
9782351201626,2351201620
9782351201633,
9782351201640,
9782351201657,
9782351201664,
9782351201671,
9782351201688,
9782351201695,
9782351201701,
9782351201718,235120171X
9782351201732,
9782351201749,
9782351201756,2351201752
9782351201763,
9782351201770,
9782351201794,
9782351201800,
9782351201817,
9782351201824,
9782351201831,2351201833
9782351201848,
9782351201855,
9782351201862,
9782351201879,
9782351201886,
9782351201893,
9782351201916,2351201914
9782351201923,
9782351201947,
9782351201954,2351201957
9782351201961,
9782351201978,2351201973
9782351201985,2351201981
9782351201992,
9782351202005,
9782351202012,2351202015
9782351202029,
9782351202036,
9782351202043,
9782351202050,
9782351202067,2351202066
9782351202074,
9782351202081,
9782351202098,
9782351202104,
9782351202111,2351202112
9782351202128,
9782351202135,2351202139
9782351202142,
9782351202159,
9782351202166,
9782351202180,235120218X
9782351202197,
9782351202203,
9782351202234,
9782351202241,
9782351202258,
9782351202265,
9782351202272,
9782351202289,
9782351202296,
9782351202302,
9782351202319,
9782351202326,
9782351202340,
9782351202357,
9782351202364,
9782351202371,
9782351202388,
9782351202395,
9782351202401,2351202406
9782351202418,
9782351202425,
9782351202432,2351202430
9782351202449,
9782351202456,
9782351202463,
9782351202470,2351202473
9782351202487,
9782351202494,
9782351202500,
9782351202524,
9782351202531,
9782351202548,
9782351202555,
9782351202562,
9782351202579,
9782351202586,
9782351202593,
9782351202609,
9782351202616,2351202619
9782351202623,
9782351202630,
9782351202647,
9782351202654,
9782351202661,
9782351202678,
9782351202692,
9782351202708,
9782351202715,
9782351202722,
9782351202739,
9782351202746,
9782351202753,
9782351202777,
9782351202784,
9782351202791,
9782351202807,2351202805
9782351202814,
9782351202821,
9782351202838,
9782351202845,
9782351202869,
9782351202876,
9782351202883,
9782351202890,
9782351202913,
9782351202937,
9782351202944,
9782351202951,
9782351202968,
9782351202975,
9782351202982,
9782351202999,
9782351203002,
9782351203019,
9782351203033,
9782351203057,
9782351203064,
9782351203071,
9782351203088,
9782351203095,
9782351203101,
9782351203118,
9782351203125,
9782351203132,
9782351203149,
9782351203156,
9782351203163,
9782351203170,
9782351203187,
9782351203194,
9782351203200,
9782351203293,
9782351203309,
9782351203378,
9782351203385,
9782351203392,
9782351203408,
9782351203415,
9782351203422,
9782351220511,235122051X
9782351220641,2351220641
9782351220672,2351220676
9782351220689,2351220684
9782351220696,2351220692
9782351220726,2351220722
9782351220740,
9782351220757,2351220757
9782351220764,2351220765
9782351220771,
9782351220788,
9782351220801,
9782351220818,2351220811
9782351220825,235122082X
9782351220832,
9782351220849,
9782351220870,
9782351220887,2351220889
9782351220894,2351220897
9782351221419,2351221419
9782351221433,2351221435
9782351221457,2351221451
9782351221488,2351221486
9782351221501,2351221508
9782351221587,
9782351221594,2351221591
9782351221693,
9782351221709,
9782351221716,
9782351221730,2351221737
9782351221792,
9782351222751,235122275X
9782351250808,235125080X
9782351250815,2351250818
9782351250822,2351250826
9782351250839,2351250834
9782351250877,2351250877
9782351250884,2351250885
9782351250891,2351250893
9782351250907,2351250907
9782351250914,2351250915
9782351250952,2351250958
9782351250969,2351250966
9782351250983,2351250982
9782351251034,3625110911
9782351251058,2351251059
9782351251119,2351251113
9782351251126,2351251121
9782351251133,235125113X
9782351251140,2351251148
9782351251423,2351251423
9782351251454,2351251458
9782351251478,2351251474
9782351251638,2351251636
9782351251645,2351251644
9782351251652,2351251652
9782351251669,2351251660
9782351251676,2351251679
9782351251683,2351251687
9782351251690,2351251695
9782351251706,2351251709
9782351251713,2351251717
9782351251720,
9782351251737,2351251733
9782351251744,2351251741
9782351251751,
9782351251768,2351251768
9782351251775,2351251776
9782351251782,2351251784
9782351251799,2351251792
9782351251805,2351251806
9782351251812,2351251814
9782351251829,2351251822
9782351251836,2351251830
9782351251843,2351251849
9782351251850,2351251857
9782351251867,
9782351251874,2351251873
9782351251898,235125189X
9782351251904,2351251903
9782351251911,
9782351251928,
9782351251935,
9782351280546,
9782351280553,
9782351280560,
9782351280577,
9782351280584,
9782351280591,
9782351280607,
9782351280614,235128061X
9782351280621,
9782351280638,
9782351280645,
9782351280652,
9782351280669,
9782351280676,
9782351280690,
9782351280706,
9782351280713,
9782351280737,
9782351280744,2351280741
9782351280751,
9782351280768,
9782351280836,
9782351280843,
9782351280850,2351280857
9782351280874,
9782351280898,
9782351280904,
9782351280911,
9782351280928,
9782351280935,
9782351280942,
9782351280959,
9782351280973,2351280970
9782351280980,2351280989
9782351281499,
9782351281505,
9782351281512,
9782351281529,
9782351281536,
9782351281543,
9782351281550,
9782351281567,
9782351281574,
9782351281581,
9782351281598,
9782351281604,
9782351281611,
9782351281635,
9782351281659,
9782351281666,
9782351281673,
9782351281680,
9782351281697,
9782351281703,
9782351281710,
9782351281727,2351281721
9782351281734,
9782351281741,
9782351281765,
9782351281772,2351281772
9782351281789,
9782351281796,
9782351281802,
9782351281819,
9782351281826,
9782351281833,
9782351300657,
9782351301166,
9782351301272,2351301277
9782351360132,2351360133
9782351360170,2351360176
9782351360200,2351360206
9782351370810,
9782351370834,
9782351370841,
9782351370858,
9782351370865,2351370864
9782351370889,2351370880
9782351370896,2351370899
9782351370902,2351370902
9782351370919,2351370910
9782351370926,2351370929
9782351370933,
9782351370940,2351370945
9782351370957,2351370953
9782351370971,
9782351370988,
9782351371008,
9782351371015,
9782351371022,
9782351371039,
9782351371046,
9782351371053,2351371054
9782351371060,
9782351371077,
9782351371084,
9782351371091,2351371097
9782351371107,2351371100
9782351371114,2351371119
9782351371121,
9782351371138,2351371135
9782351371145,2351371143
9782351371152,2351371151
9782351371169,235137116X
9782351371176,2351371178
9782351371183,
9782351371190,2351371194
9782351371206,2351371208
9782351371213,2351371216
9782351371220,
9782351371237,
9782351371244,
9782351371251,
9782351371268,
9782351371275,
9782351371282,
9782351371299,
9782351371305,2351371305
9782351371329,2351371321
9782351371336,235137133X
9782351371343,2351371348
9782351371350,
9782351371374,
9782351371411,
9782351371442,2351371445
9782351371459,
9782351371466,2351371461
9782351371510,2351371518
9782351371527,2351371526
9782351371589,
9782351371596,2351371593
9782351371602,2351371607
9782351371657,
9782351371671,2351371674
9782351371688,2351371682
9782351372531,
9782351372548,
9782351372555,
9782351372562,
9782351372579,
9782351372586,2351372581
9782351372609,2351372603
9782351372616,
9782351372623,
9782351372630,
9782351372647,
9782351372654,
9782351372678,
9782351372722,
9782351372739,
9782351372746,
9782351372753,
9782351372791,
9782351372807,
9782351372814,
9782351372821,2351372824
9782351372838,
9782351372845,
9782351372852,
9782351372869,
9782351372968,2351372964
9782351372975,
9782351372982,
9782351372999,
9782351373002,
9782351373057,
9782351373064,
9782351410707,235141070X
9782351410714,2351410718
9782351410721,2351410726
9782351413029,2351413024
9782351413036,2351413032
9782351413609,2351413601
9782351413630,2351413636
9782351413647,2351413644
9782351413654,2351413652
9782351413661,2351413660
9782351413678,
9782351413685,2351413687
9782351413692,
9782351413708,
9782351413715,
9782351413722,
9782351413739,
9782351413746,
9782351413753,
9782351413760,
9782351413777,
9782351413784,
9782351413791,
9782351413807,
9782351413814,
9782351423981,2351423984
9782351423998,2351423992
9782351424001,235142400X
9782351424599,235142459X
9782351424605,2351424603
9782351424766,235142476X
9782351424773,2351424778
9782351424797,2351424794
9782351424810,2351424816
9782351424827,2351424824
9782351424841,2351424840
9782351424858,2351424859
9782351424865,2351424867
9782351424872,2351424875
9782351424889,2351424883
9782351424902,2351424905
9782351424919,2351424913
9782351425145,2351425146
9782351425152,2351425154
9782351425329,2351425324
9782351425336,2351425332
9782351425343,2351425340
9782351425367,2351425367
9782351425497,2351425499
9782351425657,2351425650
9782351425664,2351425669
9782351425671,2351425677
9782351425688,2351425685
9782351425732,2351425731
9782351425749,235142574X
9782351425756,2351425758
9782351425763,2351425766
9782351425770,
9782351425787,2351425782
9782351425848,2351425847
9782351425855,2351425855
9782351425862,2351425863
9782351425879,2351425871
9782351425886,235142588X
9782351425893,2351425898
9782351425930,2351425936
9782351425947,2351425944
9782351425954,2351425952
9782351425961,2351425960
9782351426012,2351426010
9782351426029,2351426029
9782351426036,2351426037
9782351426043,2351426045
9782351426050,2351426053
9782351426067,2351426061
9782351426166,2351426169
9782351426319,2351426312
9782351426388,235142638X
9782351426395,2351426398
9782351426401,2351426401
9782351426418,235142641X
9782351426425,2351426428
9782351426463,2351426460
9782351426517,2351426517
9782351426531,2351426533
9782351426548,2351426541
9782351426593,2351426592
9782351426609,2351426606
9782351426722,235142672X
9782351426739,2351426738
9782351426746,2351426746
9782351426753,2351426754
9782351426760,2351426762
9782351426777,2351426770
9782351426784,2351426789
9782351426791,2351426797
9782351426807,2351426800
9782351426814,2351426819
9782351426869,235142686X
9782351426883,2351426886
9782351426906,2351426908
9782351426913,2351426916
9782351426920,2351426924
9782351426937,2351426932
9782351426999,2351426991
9782351427002,2351427009
9782351427019,2351427017
9782351427026,2351427025
9782351427040,2351427041
9782351427057,235142705X
9782351427064,2351427068
9782351427071,2351427076
9782351427088,2351427084
9782351427095,2351427092
9782351427118,2351427114
9782351427248,2351427246
9782351427293,2351427297
9782351427309,2351427300
9782351427316,2351427319
9782351427323,2351427327
9782351427521,2351427521
9782351427552,2351427556
9782351427569,2351427564
9782351427576,2351427572
9782351427583,2351427580
9782351427590,2351427599
9782351427606,2351427602
9782351427705,235142770X
9782351427712,2351427718
9782351427729,2351427726
9782351427736,2351427734
9782351427743,2351427742
9782351427842,235142784X
9782351427866,2351427866
9782351427873,2351427874
9782351427880,2351427882
9782351427897,2351427890
9782351427903,2351427904
9782351427910,2351427912
9782351427927,2351427920
9782351427934,2351427939
9782351427941,2351427947
9782351427972,2351427971
9782351428009,2351428005
9782351428023,2351428021
9782351428054,2351428056
9782351428085,2351428080
9782351428276,2351428277
9782351428283,2351428285
9782351428290,2351428293
9782351428382,2351428382
9782351428733,2351428730
9782351428870,2351428870
9782351428887,2351428889
9782351428948,2351428943
9782351428955,2351428951
9782351428962,235142896X
9782351428979,2351428978
9782351428986,2351428986
9782351428993,2351428994
9782351429006,2351429001
9782351429013,235142901X
9782351429044,2351429044
9782351429068,2351429060
9782351429105,2351429109
9782351429198,2351429192
9782351429204,2351429206
9782351429211,2351429214
9782351429228,2351429222
9782351429259,2351429257
9782351429297,235142929X
9782351429303,2351429303
9782351429310,2351429311
9782351429389,2351429389
9782351429396,2351429397
9782351429433,2351429435
9782351429440,2351429443
9782351429457,2351429451
9782351429464,235142946X
9782351429471,2351429478
9782351429488,2351429486
9782351429556,2351429559
9782351429563,2351429567
9782351429570,2351429575
9782351429587,2351429583
9782351429594,2351429591
9782351429617,2351429613
9782351429631,235142963X
9782351429648,2351429648
9782351429662,2351429664
9782351429686,2351429680
9782351429693,2351429699
9782351429709,2351429702
9782351429716,2351429710
9782351429723,2351429729
9782351429730,2351429737
9782351429747,2351429745
9782351429754,2351429753
9782351429761,2351429761
9782351429778,235142977X
9782351429785,2351429788
9782351429792,2351429796
9782351429808,235142980X
9782351429815,2351429818
9782351429822,2351429826
9782351429907,2351429907
9782351460283,2351460286
9782351460320,2351460324
9782351460337,2351460332
9782351460368,2351460367
9782351460375,2351460375
9782351460382,2351460383
9782351460399,2351460391
9782351460412,2351460413
9782351460429,2351460421
9782351460511,2351460510
9782351460580,2351460588
9782351460603,
9782351460627,2351460626
9782351460634,2351460634
9782351460832,2351460839
9782351460849,2351460847
9782351460856,2351460855
9782351460863,
9782351460917,
9782351460924,
9782351500316,2351500318
9782351500323,2351500326
9782351500330,2351500334
9782351500361,2351500369
9782351500378,2351500377
9782351500385,2351500385
9782351500392,2351500393
9782351500408,2351500407
9782351500415,2351500415
9782351500422,2351500423
9782351500439,2351500431
9782351500446,235150044X
9782351500460,2351500466
9782351500477,2351500474
9782351500484,2351500482
9782351500491,2351500490
9782351500507,2351500504
9782351500576,2351500571
9782351500606,2351500601
9782351500613,235150061X
9782351500620,2351500628
9782351500637,2351500636
9782351500644,2351500644
9782351500651,2351500652
9782351500668,2351500660
9782351500675,2351500679
9782351500682,2351500687
9782351500699,2351500695
9782351500835,2351500830
9782351500842,2351500849
9782351500989,2351500989
9782351500996,2351500997
9782351501009,2351501004
9782351501016,2351501012
9782351501023,2351501020
9782351501030,2351501039
9782351501047,2351501047
9782351501054,2351501055
9782351501061,2351501063
9782351501078,
9782351501085,
9782351501092,2351501098
9782351501108,
9782351501115,235150111X
9782351501122,
9782351501139,
9782351501146,
9782351501153,
9782351501160,
9782351521519,
9782351521762,
9782351521823,235152182X
9782351521847,2351521846
9782351521892,2351521897
9782351521915,2351521919
9782351521922,
9782351521939,
9782351522004,
9782351522059,2351522052
9782351522103,
9782351522134,2351522133
9782351522165,2351522168
9782351522295,
9782351522387,
9782351522455,
9782351522516,2351522516
9782351522578,
9782351522585,2351522583
9782351522677,2351522672
9782351522769,
9782351522905,
9782351522974,2351522974
9782351523353,
9782351523582,
9782351523612,
9782351523636,
9782351552025,2351552024
9782351552049,2351552040
9782351553909,235155390X
9782351554142,2351554140
9782351555590,2351555597
9782351556177,2351556178
9782351556184,2351556186
9782351557785,2351557786
9782351557792,2351557794
9782351560563,2351560566
9782351560570,2351560574
9782351560587,2351560582
9782351560716,235156071X
9782351560785,2351560787
9782351560839,2351560833
9782351561041,235156104X
9782351561065,2351561066
9782351561133,2351561139
9782351561201,2351561201
9782351561270,2351561279
9782351561324,2351561325
9782351561331,2351561333
9782351561348,2351561341
9782351561478,2351561473
9782351561485,2351561481
9782351561492,235156149X
9782351561850,2351561856
9782351561881,
9782351561898,2351561899
9782351562284,
9782351562352,2351562356
9782351562376,2351562372
9782351562383,
9782351562413,2351562410
9782351562420,2351562429
9782351572405,
9782351572818,
9782351573099,
9782351573242,
9782351641101,2351641108
9782351641217,2351641213
9782351641279,2351641272
9782351641323,2351641329
9782351641446,2351641442
9782351641545,235164154X
9782351641576,2351641574
9782351641682,235164168X
9782351641750,2351641752
9782351642030,2351642031
9782351642078,2351642074
9782351642085,2351642082
9782351642092,2351642090
9782351642528,235164252X
9782351651193,2351651197
9782351686270,
9782351763414,2351763416
9782351780350,2351780353
9782351780367,2351780361
9782351780374,235178037X
9782351780381,2351780388
9782351780398,2351780396
9782351780404,235178040X
9782351780411,2351780418
9782351780435,2351780434
9782351780442,2351780442
9782351780459,2351780450
9782351780466,2351780469
9782351780473,2351780477
9782351780480,2351780485
9782351780497,2351780493
9782351780503,2351780507
9782351780510,2351780515
9782351780527,2351780523
9782351780534,2351780531
9782351780541,235178054X
9782351780558,2351780558
9782351780565,2351780566
9782351780589,2351780582
9782351780664,2351780663
9782351780688,235178068X
9782351780695,2351780698
9782351780701,2351780701
9782351780718,235178071X
9782351780725,2351780728
9782351780732,2351780736
9782351780749,2351780744
9782351780756,2351780752
9782351780763,2351780760
9782351780770,2351780779
9782351780787,2351780787
9782351780794,2351780795
9782351780800,2351780809
9782351780817,2351780817
9782351780824,2351780825
9782351781180,235178118X
9782351781197,2351781198
9782351781234,2351781236
9782351781265,2351781260
9782351781340,2351781341
9782351781364,2351781368
9782351781425,2351781422
9782351781661,235178166X
9782351781692,2351781694
9782351781722,2351781724
9782351781739,2351781732
9782351781838,235178183X
9782351781845,
9782351781869,2351781864
9782351781906,2351781902
9782351781920,2351781929
9782351781937,2351781937
9782351781944,2351781945
9782351781968,2351781961
9782351781982,2351781988
9782351782019,2351782011
9782351782026,235178202X
9782351782057,2351782054
9782351782064,
9782351782071,2351782070
9782351782088,2351782089
9782351782095,2351782097
9782351782125,2351782127
9782351782149,2351782143
9782351782156,2351782151
9782351782163,
9782351782194,
9782351782224,2351782224
9782351782231,2351782232
9782351782248,
9782351782255,2351782259
9782351782262,2351782267
9782351782279,
9782351782286,2351782283
9782351782293,
9782351782316,
9782351782323,
9782351782354,2351782356
9782351782361,
9782351782422,2351782429
9782351782446,2351782445
9782351782453,2351782453
9782351782460,2351782461
9782351782484,
9782351782491,
9782351782521,
9782351782583,2351782585
9782351782590,
9782351782613,2351782615
9782351785362,2351785363
9782351785386,235178538X
9782351785720,235178572X
9782351785737,2351785738
9782351785768,2351785762
9782351785799,2351785797
9782351785812,2351785819
9782351785843,2351785843
9782351785850,2351785851
9782351785928,2351785924
9782351785942,
9782351785959,2351785959
9782351785973,2351785975
9782351785980,2351785983
9782351786000,2351786009
9782351786017,2351786017
9782351786048,2351786041
9782351786055,235178605X
9782351786062,2351786068
9782351786109,2351786106
9782351786116,2351786114
9782351786123,2351786122
9782351786130,2351786130
9782351786147,2351786149
9782351786154,2351786157
9782351786185,2351786181
9782351786192,235178619X
9782351786222,235178622X
9782351786239,
9782351786260,2351786262
9782351786291,2351786297
9782351786314,2351786319
9782351786376,2351786378
9782351786390,
9782351786499,2351786491
9782351786505,2351786505
9782351786611,2351786610
9782351786635,2351786637
9782351786659,2351786653
9782351786741,2351786742
9782351786765,2351786769
9782351786772,2351786777
9782351786796,2351786793
9782351786864,2351786866
9782351786871,2351786874
9782351786901,2351786904
9782351786918,2351786912
9782351786925,2351786920
9782351786932,2351786939
9782351786949,2351786947
9782351786956,2351786955
9782351786970,2351786971
9782351786987,235178698X
9782351786994,2351786998
9782351787007,2351787005
9782351787014,2351787013
9782351787038,235178703X
9782351787052,2351787056
9782351787069,2351787064
9782351787106,2351787102
9782351787113,2351787110
9782351787120,2351787129
9782351787137,2351787137
9782351787144,2351787145
9782351787151,2351787153
9782351787168,2351787161
9782351787175,235178717X
9782351787182,2351787188
9782351787199,2351787196
9782351787205,235178720X
9782351787250,
9782351787274,2351787277
9782351787281,2351787285
9782351787298,
9782351787380,
9782351787397,2351787390
9782351787427,2351787420
9782351787441,
9782351787465,2351787463
9782351787472,2351787471
9782351787489,235178748X
9782351787496,2351787498
9782351787502,2351787501
9782351787526,
9782351787533,2351787536
9782351787540,
9782351787564,2351787560
9782351787571,2351787579
9782351787588,
9782351787601,
9782351787649,
9782351787670,2351787676
9782351787700,
9782351787717,
9782351787724,2351787722
9782351787731,
9782351787748,2351787749
9782351787762,2351787765
9782351787793,235178779X
9782351787809,
9782351787823,
9782351787854,
9782351787861,
9782351787991,
9782351788011,
9782351788028,
9782351788110,
9782351790694,2351790693
9782351790809,2351790804
9782351790823,2351790820
9782351791073,235179107X
9782351791134,2351791134
9782351791172,2351791177
9782351791189,2351791185
9782351791219,2351791215
9782351791264,2351791266
9782351791271,2351791274
9782351791325,2351791320
9782351791424,2351791428
9782351791455,2351791452
9782351791479,2351791479
9782351791486,2351791487
9782351803981,2351803981
9782351804001,2351804007
9782351804049,235180404X
9782351804056,
9782351804094,
9782351804148,2351804147
9782351804179,2351804171
9782351804278,2351804279
9782351804315,
9782351804377,
9782351804384,2351804384
9782351804407,2351804406
9782351804421,2351804422
9782351804476,
9782351804537,2351804538
9782351804544,2351804546
9782351804636,2351804635
9782351804681,2351804686
9782351804728,2351804724
9782351804735,2351804732
9782351804759,2351804759
9782351804766,2351804767
9782351804773,
9782351804902,2351804902
9782351804926,2351804929
9782351804971,235180497X
9782351805015,2351805011
9782351805039,2351805038
9782351805060,2351805062
9782351805084,2351805089
9782351805107,2351805100
9782351805114,2351805119
9782351805121,2351805127
9782351805169,235180516X
9782351805176,2351805178
9782351805183,2351805186
9782351805275,2351805275
9782351805299,2351805291
9782351805305,
9782351805312,2351805313
9782351805329,2351805321
9782351805343,2351805348
9782351805381,2351805380
9782351805411,2351805410
9782351805435,2351805437
9782351805459,
9782351805497,2351805496
9782351805503,235180550X
9782351805510,
9782351805527,2351805526
9782351805541,2351805542
9782351805558,2351805550
9782351805565,2351805569
9782351805589,2351805585
9782351805596,
9782351805602,2351805607
9782351805640,235180564X
9782351805671,2351805674
9782351805718,2351805712
9782351805725,2351805720
9782351805732,2351805739
9782351805749,2351805747
9782351805756,2351805755
9782351805763,2351805763
9782351805770,2351805771
9782351805824,2351805828
9782351805923,2351805925
9782351805947,2351805941
9782351805992,2351805992
9782351806005,235180600X
9782351806029,2351806026
9782351806036,2351806034
9782351806067,2351806069
9782351806098,2351806093
9782351806173,2351806174
9782351806197,2351806190
9782351806210,2351806212
9782351806227,2351806220
9782351806241,2351806247
9782351806258,2351806255
9782351806265,2351806263
9782351806296,2351806298
9782351806302,2351806301
9782351806319,235180631X
9782351806326,2351806328
9782351806340,2351806344
9782351806357,2351806352
9782351806371,2351806379
9782351806388,2351806387
9782351806395,2351806395
9782351806418,2351806417
9782351806425,2351806425
9782351806449,2351806441
9782351806517,2351806514
9782351806524,2351806522
9782351806531,2351806530
9782351806555,2351806557
9782351806562,2351806565
9782351806579,2351806573
9782351806609,2351806603
9782351806623,235180662X
9782351806647,2351806646
9782351806678,2351806670
9782351806685,2351806689
9782351806715,2351806719
9782351807446,2351807448
9782351807453,
9782351807460,2351807464
9782351807477,2351807472
9782351807507,
9782351807514,2351807510
9782351807545,2351807545
9782351807613,2351807618
9782351807620,2351807626
9782351807637,2351807634
9782351807682,2351807685
9782351807712,2351807715
9782351807804,2351807804
9782351807811,2351807812
9782351807828,2351807820
9782351807859,2351807855
9782351807880,235180788X
9782351807897,2351807898
9782351807927,2351807928
9782351807941,2351807944
9782351807965,2351807960
9782351807972,2351807979
9782351807989,2351807987
9782351808023,2351808029
9782351808054,2351808053
9782351808061,2351808061
9782351808108,235180810X
9782351808122,2351808126
9782351808139,2351808134
9782351808146,2351808142
9782351808153,
9782351808160,
9782351808207,2351808207
9782351808221,2351808223
9782351808238,2351808231
9782351808245,235180824X
9782351808252,2351808258
9782351808276,2351808274
9782351808290,2351808290
9782351808306,2351808304
9782351808313,2351808312
9782351808344,2351808347
9782351808351,2351808355
9782351808368,2351808363
9782351808382,235180838X
9782351808412,235180841X
9782351808429,2351808428
9782351808511,2351808517
9782351808535,2351808533
9782351808542,2351808541
9782351808573,2351808576
9782351808641,2351808649
9782351808665,2351808665
9782351808689,2351808681
9782351808696,
9782351808702,2351808703
9782351808740,2351808746
9782351808757,2351808754
9782351808764,
9782351808863,235180886X
9782351808870,
9782351808917,2351808916
9782351809013,2351809017
9782351809556,2351809556
9782351809563,2351809564
9782351809655,2351809653
9782351811382,2351811380
9782351811399,2351811399
9782351811443,2351811445
9782351811726,2351811720
9782351813317,2351813316
9782351813355,2351813359
9782351813430,235181343X
9782351813492,2351813499
9782351813508,2351813502
9782351813515,
9782351813539,2351813537
9782351813546,2351813545
9782351813560,2351813561
9782351813577,235181357X
9782351813607,235181360X
9782351813614,2351813618
9782351813621,2351813626
9782351813638,2351813634
9782351813645,2351813642
9782351813683,2351813685
9782351813690,2351813693
9782351813706,2351813707
9782351813713,2351813715
9782351813720,2351813723
9782351813737,2351813731
9782351813744,235181374X
9782351813751,2351813758
9782351813768,2351813766
9782351813775,2351813774
9782351813782,2351813782
9782351813799,
9782351813829,
9782351813843,2351813847
9782351813850,2351813855
9782351813874,2351813871
9782351813911,235181391X
9782351813935,
9782351840139,2351840135
9782351840467,2351840461
9782351840474,235184047X
9782351840498,2351840496
9782351840665,2351840666
9782351842645,2351842642
9782351842652,2351842650
9782351842669,2351842669
9782351850244,2351850246
9782351850411,2351850416
9782351850510,2351850513
9782351850602,2351850602
9782351850619,2351850610
9782351850657,2351850653
9782351850671,235185067X
9782351850732,2351850734
9782351850749,2351850742
9782351850756,2351850750
9782351850763,2351850769
9782351850770,2351850777
9782351850787,2351850785
9782351850794,2351850793
9782351850800,2351850807
9782351850824,2351850823
9782351850831,2351850831
9782351850855,2351850858
9782351850862,2351850866
9782351850879,2351850874
9782351850886,2351850882
9782351850893,2351850890
9782351850909,2351850904
9782351850916,2351850912
9782351850923,
9782351850930,2351850939
9782351850954,2351850955
9782351850978,2351850971
9782351850985,235185098X
9782351850992,2351850998
9782351851012,
9782351851029,2351851021
9782351851036,235185103X
9782351851043,2351851048
9782351851067,2351851064
9782351851074,2351851072
9782351851081,2351851080
9782351851098,2351851099
9782351851104,2351851102
9782351851128,2351851129
9782351851135,2351851137
9782351851159,2351851153
9782351851166,2351851161
9782351851173,235185117X
9782351851180,2351851188
9782351851197,2351851196
9782351851333,2351851331
9782351851371,2351851374
9782351851388,2351851382
9782351851395,2351851390
9782351851401,
9782351851418,
9782351851425,2351851420
9782351851449,2351851447
9782351851456,2351851455
9782351851463,2351851463
9782351851470,2351851471
9782351851487,235185148X
9782351851494,2351851498
9782351851500,2351851501
9782351851517,235185151X
9782351851524,2351851528
9782351851531,
9782351851548,2351851544
9782351851586,2351851587
9782351851593,2351851595
9782351851609,2351851609
9782351851647,
9782351851661,2351851668
9782351851685,2351851684
9782351851708,2351851706
9782351851715,2351851714
9782351851722,2351851722
9782351851739,2351851730
9782351851746,2351851749
9782351851753,2351851757
9782351851760,2351851765
9782351851777,2351851773
9782351851784,2351851781
9782351851807,2351851803
9782351851814,2351851811
9782351851838,2351851838
9782351851845,2351851846
9782351851852,2351851854
9782351851883,2351851889
9782351851890,2351851897
9782351852064,2351852060
9782351852347,2351852346
9782351852354,2351852354
9782351852361,2351852362
9782351852446,2351852443
9782351852538,2351852532
9782351852804,235185280X
9782351852828,2351852826
9782351852835,2351852834
9782351852842,
9782351852859,2351852850
9782351852873,
9782351852880,
9782351852897,2351852893
9782351852903,2351852907
9782351852910,2351852915
9782351852927,2351852923
9782351852934,2351852931
9782351852941,
9782351910306,2351910303
9782351910641,2351910648
9782351910672,2351910672
9782351910696,2351910699
9782351910702,2351910702
9782351910719,2351910710
9782351910740,2351910745
9782351910757,2351910753
9782351910801,235191080X
9782351910856,2351910850
9782351910948,235191094X
9782351910955,2351910958
9782351911440,235191144X
9782351911457,2351911458
9782351911501,2351911504
9782351911525,2351911520
9782351911532,2351911539
9782351911921,235191192X
9782351911945,2351911946
9782351911952,2351911954
9782351911983,
9782351911990,2351911997
9782351912010,2351912012
9782351912058,2351912055
9782351912065,2351912063
9782351912072,2351912071
9782351912089,235191208X
9782351912096,2351912098
9782351912102,2351912101
9782351912119,235191211X
9782351912126,2351912128
9782351912164,2351912160
9782351912171,2351912179
9782351912195,2351912195
9782351912218,2351912217
9782351912225,2351912225
9782351912232,
9782351912249,
9782351912256,235191225X
9782351912263,2351912268
9782351912270,2351912276
9782351912287,
9782351912294,2351912292
9782351912317,2351912314
9782351912324,2351912322
9782351912348,2351912349
9782351912355,2351912357
9782351912362,
9782351912379,
9782351912393,
9782351912409,
9782351912423,
9782351912508,
9782351912515,
9782351912522,2351912527
9782351912577,
9782351920862,
9782351921098,
9782351921289,
9782351921494,
9782351921821,
9782351922033,2351922034
9782351922040,
9782351922149,
9782351922194,
9782351950135,2351950135
9782351950265,2351950267
9782351951866,2351951867
9782351951873,2351951875
9782351951903,2351951905
9782351951910,2351951913
9782351951927,2351951921
9782351951934,235195193X
9782351951941,2351951948
9782351951958,2351951956
9782351951965,2351951964
9782351951989,2351951980
9782351952177,2351952170
9782351952184,2351952189
9782351952191,2351952197
9782351952221,
9782351952238,
9782351952245,2351952243
9782351952276,2351952278
9782351952375,2351952375
9782351952382,2351952383
9782351952399,
9782351952405,2351952405
9782351952450,2351952456
9782351952467,2351952464
9782351952511,2351952510
9782351952597,2351952596
9782351952924,2351952928
9782351953174,2351953177
9782351953242,235195324X
9782351953266,
9782351953280,2351953282
9782351953297,2351953290
9782351953303,
9782351953310,2351953312
9782351953327,2351953320
9782351953334,
9782351953341,2351953347
9782351953358,
9782351953365,
9782351953372,
9782351953518,2351953517
9782351953532,2351953533
9782351953549,
9782351953556,
9782351953563,2351953568
9782351953570,2351953576
9782351953587,
9782351953594,
9782351953600,
9782351953617,2351953614
9782351953648,
9782351953655,
9782352041061,2352041066
9782352041184,235204118X
9782352041191,2352041198
9782352041207,2352041201
9782352041214,235204121X
9782352041238,2352041236
9782352041252,2352041252
9782352041269,2352041260
9782352041276,2352041279
9782352041337,2352041333
9782352041344,2352041341
9782352041351,235204135X
9782352041382,2352041384
9782352041399,2352041392
9782352041405,2352041406
9782352041412,2352041414
9782352041436,2352041430
9782352041498,235204149X
9782352041504,2352041503
9782352041528,235204152X
9782352041535,2352041538
9782352041542,2352041546
9782352041603,2352041600
9782352041627,2352041627
9782352041641,2352041643
9782352041665,235204166X
9782352041733,2352041732
9782352041740,2352041740
9782352041795,2352041791
9782352041801,2352041805
9782352041818,2352041813
9782352041825,2352041821
9782352041832,235204183X
9782352041856,2352041856
9782352041863,2352041864
9782352041870,2352041872
9782352041887,2352041880
9782352041900,2352041902
9782352041924,2352041929
9782352041993,2352041996
9782352042020,235204202X
9782352042068,2352042062
9782352042075,2352042070
9782352042082,2352042089
9782352042112,2352042119
9782352042136,2352042135
9782352042143,2352042143
9782352042211,2352042216
9782352042464,2352042461
9782352042617,2352042615
9782352042631,2352042631
9782352042716,2352042712
9782352042747,2352042747
9782352042778,2352042771
9782352042785,235204278X
9782352042792,2352042798
9782352042808,2352042801
9782352042822,2352042828
9782352042839,2352042836
9782352042846,2352042844
9782352042853,2352042852
9782352042976,2352042976
9782352042983,2352042984
9782352043003,235204300X
9782352043010,2352043018
9782352043034,2352043034
9782352043140,235204314X
9782352043201,2352043204
9782352043225,2352043220
9782352043232,2352043239
9782352043249,2352043247
9782352043263,2352043263
9782352043270,2352043271
9782352043287,235204328X
9782352043294,2352043298
9782352043300,2352043301
9782352043324,2352043328
9782352043461,2352043468
9782352043492,2352043492
9782352043522,2352043522
9782352043539,2352043530
9782352043546,2352043549
9782352043577,2352043573
9782352043584,2352043581
9782352043607,2352043603
9782352043621,235204362X
9782352043652,2352043654
9782352043836,2352043832
9782352043850,2352043859
9782352043959,2352043956
9782352045571,2352045576
9782352045588,2352045584
9782352045595,2352045592
9782352045601,2352045606
9782352045618,2352045614
9782352045625,2352045622
9782352045632,2352045630
9782352045649,2352045649
9782352045656,2352045657
9782352045670,2352045673
9782352045700,2352045703
9782352045717,2352045711
9782352045724,235204572X
9782352045748,2352045746
9782352045755,2352045754
9782352045793,2352045797
9782352045878,2352045878
9782352046417,2352046416
9782352046844,235204684X
9782352047537,2352047536
9782352048893,2352048893
9782352049197,2352049199
9782352070177,2352070171
9782352070184,235207018X
9782352070238,2352070236
9782352070351,235207035X
9782352070696,2352070694
9782352070702,2352070708
9782352070740,2352070740
9782352071006,2352071003
9782352071013,2352071011
9782352071082,2352071089
9782352071136,2352071135
9782352071709,2352071704
9782352071761,2352071763
9782352071785,235207178X
9782352071792,2352071798
9782352071938,2352071933
9782352071976,2352071976
9782352072027,2352072026
9782352072034,2352072034
9782352072041,2352072042
9782352072072,2352072077
9782352072638,2352072638
9782352072652,2352072654
9782352072669,2352072662
9782352072973,2352072972
9782352072980,2352072980
9782352073000,2352073006
9782352073017,2352073014
9782352073024,2352073022
9782352073055,2352073057
9782352073086,2352073081
9782352073536,2352073537
9782352073611,2352073618
9782352075042,2352075041
9782352075059,235207505X
9782352075066,2352075068
9782352075219,2352075211
9782352075370,2352075378
9782352075417,2352075416
9782352075523,2352075521
9782352075547,2352075548
9782352075639,2352075637
9782352077176,2352077176
9782352077633,235207763X
9782352084396,
9782352092667,
9782352100515,2352100518
9782352100539,
9782352100553,2352100550
9782352100560,
9782352100577,
9782352100621,
9782352100645,
9782352100706,
9782352100720,
9782352100744,
9782352100751,
9782352100768,2352100763
9782352100782,235210078X
9782352100812,
9782352100829,
9782352100911,
9782352101048,
9782352101055,
9782352120001,2352120004
9782352120018,2352120012
9782352120049,2352120047
9782352120094,2352120098
9782352120117,235212011X
9782352120148,2352120144
9782352120155,2352120152
9782352120186,2352120187
9782352120223,2352120225
9782352120230,2352120233
9782352120247,2352120241
9782352120254,235212025X
9782352120315,2352120314
9782352120384,2352120381
9782352120445,2352120446
9782352120490,2352120497
9782352120544,2352120543
9782352120568,235212056X
9782352120575,2352120578
9782352120582,2352120586
9782352120599,2352120594
9782352120612,2352120616
9782352120650,2352120659
9782352120674,2352120675
9782352120681,2352120683
9782352120704,2352120705
9782352120711,2352120713
9782352120742,2352120748
9782352120780,2352120780
9782352120797,2352120799
9782352120803,2352120802
9782352120810,2352120810
9782352120827,2352120829
9782352120834,2352120837
9782352120841,2352120845
9782352120865,2352120861
9782352120872,235212087X
9782352120889,2352120888
9782352120896,2352120896
9782352120902,235212090X
9782352120919,2352120918
9782352120926,2352120926
9782352120940,2352120942
9782352120957,2352120950
9782352120964,2352120969
9782352120988,2352120985
9782352121008,2352121000
9782352121022,2352121027
9782352121039,2352121035
9782352121046,2352121043
9782352121084,2352121086
9782352121107,2352121108
9782352121114,2352121116
9782352121121,2352121124
9782352121138,
9782352121183,2352121183
9782352121190,2352121191
9782352121213,2352121213
9782352121220,2352121221
9782352121237,235212123X
9782352121244,2352121248
9782352121275,2352121272
9782352121329,2352121329
9782352121336,2352121337
9782352121435,2352121434
9782352121466,2352121469
9782352121480,2352121485
9782352121510,2352121515
9782352121527,2352121523
9782352121534,2352121531
9782352121541,235212154X
9782352121558,2352121558
9782352121565,2352121566
9782352121572,
9782352121589,2352121582
9782352121596,2352121590
9782352121619,
9782352121626,
9782352121633,
9782352166283,2352166284
9782352166337,2352166330
9782352166863,2352166861
9782352166887,2352166888
9782352167105,2352167108
9782352167723,2352167728
9782352167822,2352167825
9782352167877,2352167876
9782352168416,2352168414
9782352168461,2352168465
9782352168744,2352168740
9782352169321,2352169321
9782352169383,2352169380
9782352169475,235216947X
9782352169673,2352169674
9782352169772,2352169771
9782352169970,2352169976
9782352169994,2352169992
9782352210269,2352210267
9782352210412,2352210410
9782352210443,2352210445
9782352210450,2352210453
9782352210467,2352210461
9782352210511,2864324938
9782352210535,2352210534
9782352210542,2352210542
9782352210559,2352210550
9782352210566,2352210569
9782352210580,2352210585
9782352210627,2352210623
9782352210634,2352210631
9782352210641,235221064X
9782352210689,2352210682
9782352210726,2352210720
9782352210771,2352210771
9782352210887,2352210887
9782352210894,2352210895
9782352210924,2352210925
9782352210948,2352210941
9782352210993,2352210992
9782352211037,2352211034
9782352211051,2352211050
9782352211204,2352211204
9782352211389,2352211387
9782352211525,2352211522
9782352211877,2352211875
9782352211952,2352211956
9782352212645,2352212642
9782352212737,2352212731
9782352212782,2352212782
9782352212805,2352212804
9782352212829,2352212820
9782352212843,2352212847
9782352212867,2352212863
9782352212881,235221288X
9782352212904,2352212901
9782352212911,235221291X
9782352212935,2352212936
9782352212942,2352212944
9782352212966,2352212960
9782352212980,2352212987
9782352213017,2352213010
9782352213031,2352213037
9782352213055,2352213053
9782352213086,2352213088
9782352213093,2352213096
9782352213123,2352213126
9782352213147,
9782352213154,2352213150
9782352213178,2352213177
9782352213185,2352213185
9782352213222,2352213223
9782352213246,235221324X
9782352213253,2352213258
9782352213277,2352213274
9782352213291,2352213290
9782352213314,
9782352213338,2352213339
9782352213376,2352213371
9782352213383,235221338X
9782352213406,2352213401
9782352213468,
9782352260004,
9782352260011,
9782352260028,
9782352260035,
9782352260042,
9782352260110,
9782352260219,
9782352260325,2352260329
9782352260431,2352260434
9782352260448,
9782352260455,
9782352260462,
9782352260479,
9782352260486,
9782352260493,
9782352260509,
9782352260516,
9782352260523,
9782352260530,
9782352401667,2352401666
9782352401674,2352401674
9782352401711,2352401712
9782352401728,
9782352402190,2352402190
9782352402213,2352402212
9782352402220,2352402220
9782352402305,2352402301
9782352402312,235240231X
9782352402329,2352402328
9782352402336,2352402336
9782352402343,2352402344
9782352402374,2352402379
9782352402381,2352402387
9782352402398,2352402395
9782352402404,2352402409
9782352402411,2352402417
9782352402428,2352402425
9782352402435,2352402433
9782352402442,2352402441
9782352402459,235240245X
9782352402466,2352402468
9782352402473,2352402476
9782352402480,2352402484
9782352402497,2352402492
9782352402503,2352402506
9782352402510,
9782352402527,2352402522
9782352402534,2352402530
9782352402541,2352402549
9782352402558,2352402557
9782352402565,2352402565
9782352402572,2352402573
9782352402602,2352402603
9782352402619,
9782352402626,
9782352402633,2352402638
9782352402640,2352402646
9782352402657,2352402654
9782352402664,
9782352402671,
9782352402688,2352402689
9782352402695,
9782352402701,
9782352402718,2352402719
9782352402725,
9782352402732,2352402735
9782352402749,2352402743
9782352402756,
9782352402763,235240276X
9782352402770,2352402778
9782352402787,2352402786
9782352402800,2352402808
9782352402817,
9782352402824,2352402824
9782352402831,
9782352402848,
9782352402855,
9782352402862,
9782352410232,2352410231
9782352410546,2352410541
9782352410720,235241072X
9782352410775,2352410770
9782352410799,2352410797
9782352410836,2352410835
9782352410843,2352410843
9782352410874,2352410878
9782352410881,2352410886
9782352410911,2352410916
9782352410966,2352410967
9782352411000,2352411009
9782352411048,2352411041
9782352411055,235241105X
9782352411062,2352411068
9782352411123,2352411122
9782352411130,2352411130
9782352411185,2352411181
9782352411208,2352411203
9782352411253,2352411254
9782352411277,2352411270
9782352411291,2352411297
9782352411314,2352411319
9782352411338,2352411335
9782352411369,235241136X
9782352411383,2352411386
9782352411406,2352411408
9782352411420,2352411424
9782352411444,2352411440
9782352411543,2352411548
9782352411628,2352411629
9782352411635,2352411637
9782352411666,2352411661
9782352411673,235241167X
9782352411697,2352411696
9782352411703,235241170X
9782352411710,2352411718
9782352411727,2352411726
9782352411772,2352411777
9782352411802,2352411807
9782352411826,2352411823
9782352411857,2352411858
9782352411864,2352411866
9782352411949,2352411947
9782352411987,235241198X
9782352411994,2352411998
9782352412007,2352412005
9782352412052,2352412056
9782352412106,2352412102
9782352412113,2352412110
9782352412137,2352412137
9782352412144,2352412145
9782352412175,235241217X
9782352412328,2352412323
9782352412489,235241248X
9782352412915,2352412919
9782352412922,2352412927
9782352412939,2352412935
9782352412946,2352412943
9782352412953,2352412951
9782352412960,235241296X
9782352412984,2352412986
9782352412991,2352412994
9782352413004,2352413001
9782352413011,235241301X
9782352413639,235241363X
9782352413776,235241377X
9782352413905,2352413907
9782352413912,2352413915
9782352413929,2352413923
9782352413936,2352413931
9782352413943,235241394X
9782352413950,2352413958
9782352413967,2352413966
9782352413974,2352413974
9782352413981,2352413982
9782352413998,2352413990
9782352414001,2352414008
9782352414018,2352414016
9782352414025,2352414024
9782352414032,2352414032
9782352414049,2352414040
9782352414056,2352414059
9782352414087,2352414083
9782352414094,2352414091
9782352414100,2352414105
9782352414117,2352414113
9782352414124,2352414121
9782352414131,235241413X
9782352414148,2352414148
9782352414162,2352414164
9782352414179,2352414172
9782352414209,2352414202
9782352414216,2352414210
9782352414223,2352414229
9782352414230,2352414237
9782352414285,2352414288
9782352414292,2352414296
9782352414308,235241430X
9782352414315,2352414318
9782352414339,2352414334
9782352414346,2352414342
9782352414360,2352414369
9782352414377,2352414377
9782352414384,
9782352414407,2352414407
9782352414414,2352414415
9782352414452,
9782352414476,
9782352414483,2352414482
9782352414490,
9782352414513,2352414512
9782352414520,2352414520
9782352414537,
9782352414544,2352414547
9782352414568,
9782352414575,
9782352414582,235241458X
9782352414599,2352414598
9782352414605,
9782352414629,
9782352414636,
9782352414643,
9782352414667,
9782352414728,
9782352470991,
9782352478416,2352478413
9782352478720,
9782352490418,
9782352490425,2352490421
9782352490449,2352490448
9782352490593,2352490596
9782352490609,
9782352490616,
9782352490630,
9782352500315,2352500311
9782352500780,2352500788
9782352500902,2352500907
9782352500995,2352500990
9782352501220,2352501229
9782352501282,2352501288
9782352501480,2352501482
9782352501527,2352501520
9782352501534,2352501539
9782352501541,2352501547
9782352501589,235250158X
9782352501596,2352501598
9782352501602,2352501601
9782352501619,235250161X
9782352501626,2352501628
9782352501657,2352501652
9782352501664,2352501660
9782352501671,2352501679
9782352501718,2352501717
9782352501732,2352501733
9782352501770,2352501776
9782352501794,2352501792
9782352501824,2352501822
9782352501848,2352501849
9782352501879,2352501873
9782352501909,2352501903
9782352501916,2352501911
9782352501923,235250192X
9782352501930,2352501938
9782352501947,2352501946
9782352501954,2352501954
9782352501985,2352501989
9782352502012,2352502012
9782352502029,2352502020
9782352502036,2352502039
9782352502074,2352502071
9782352502081,235250208X
9782352502098,2352502098
9782352502104,2352502101
9782352502111,235250211X
9782352502173,2352502179
9782352502197,2352502195
9782352502203,2352502209
9782352502210,2352502217
9782352502258,235250225X
9782352502319,2352502314
9782352502357,2352502357
9782352502364,2352502365
9782352502371,2352502373
9782352502388,2352502381
9782352502395,235250239X
9782352502425,235250242X
9782352502432,2352502438
9782352502463,2352502462
9782352502494,2352502497
9782352502623,2352502624
9782352502630,2352502632
9782352502647,2352502640
9782352502746,2352502748
9782352502807,2352502802
9782352502814,2352502810
9782352502845,2352502845
9782352502920,2352502926
9782352502937,2352502934
9782352502951,2352502950
9782352502999,2352502993
9782352503019,2352503019
9782352503057,2352503051
9782352503064,235250306X
9782352503088,2352503086
9782352503095,2352503094
9782352503101,2352503108
9782352503132,2352503132
9782352503262,2352503264
9782352503293,2352503299
9782352503316,2352503310
9782352503330,2352503337
9782352503415,2352503418
9782352503446,2352503442
9782352503460,2352503469
9782352503484,2352503485
9782352503507,2352503507
9782352503514,2352503515
9782352503545,235250354X
9782352503576,2352503574
9782352503606,2352503604
9782352503682,235250368X
9782352503729,2352503728
9782352503781,2352503787
9782352503835,2352503833
9782352503842,2352503841
9782352503910,2352503914
9782352503927,2352503922
9782352503941,2352503949
9782352504023,2352504023
9782352504504,2352504503
9782352504962,2352504961
9782352505013,2352505011
9782352505051,2352505054
9782352505068,2352505062
9782352505075,2352505070
9782352505082,2352505089
9782352505099,2352505097
9782352505105,2352505100
9782352505112,2352505119
9782352505129,2352505127
9782352505136,2352505135
9782352505143,2352505143
9782352505150,
9782352505167,235250516X
9782352505174,
9782352505204,
9782352505211,
9782352505242,
9782352505280,2352505283
9782352505303,
9782352505341,
9782352505358,
9782352505365,
9782352505372,2352505372
9782352550914,2352550912
9782352551331,2352551331
9782352551485,235255148X
9782352551546,2352551544
9782352551645,2352551641
9782352551652,235255165X
9782352551683,2352551684
9782352551706,2352551706
9782352551737,2352551730
9782352551805,2352551803
9782352551812,2352551811
9782352551829,235255182X
9782352551874,2352551870
9782352551881,2352551889
9782352551898,2352551897
9782352551904,2352551900
9782352551911,2352551919
9782352551942,2352551943
9782352551966,235255196X
9782352551973,2352551978
9782352552178,2352552176
9782352552239,2352552230
9782352552253,2352552257
9782352552260,2352552265
9782352552277,2352552273
9782352552284,2352552281
9782352552314,2352552311
9782352552321,235255232X
9782352552352,2352552354
9782352552659,2352552656
9782352552666,2352552664
9782352552680,2352552680
9782352552697,2352552699
9782352552925,2352552923
9782352552956,2352552958
9782352553007,2352553008
9782352553014,2352553016
9782352553021,2352553024
9782352553038,2352553032
9782352553045,2352553040
9782352553052,2352553059
9782352553069,2352553067
9782352553076,2352553075
9782352553083,2352553083
9782352553090,2352553091
9782352553106,2352553105
9782352553113,2352553113
9782352553120,2352553121
9782352553137,B07Y1WKH6Z
9782352553144,2352553148
9782352553151,2352553156
9782352553229,2352553229
9782352553236,2352553237
9782352553243,
9782352553250,2352553253
9782352553267,2352553261
9782352553274,235255327X
9782352553281,2352553288
9782352553328,2352553326
9782352553335,2352553334
9782352553342,2352553342
9782352553359,2352553350
9782352553366,
9782352553373,2352553377
9782352553380,2352553385
9782352553397,2352553393
9782352553403,
9782352553410,2352553415
9782352553427,2352553423
9782352553441,235255344X
9782352553489,2352553482
9782352553496,
9782352553502,
9782352553519,2352553512
9782352553526,2352553520
9782352553533,
9782352553540,2352553547
9782352553557,
9782352553564,
9782352553571,
9782352553588,
9782352553595,
9782352600589,2352600588
9782352600602,
9782352600619,2352600618
9782352600626,2352600626
9782352600633,2352600634
9782352600664,2352600669
9782352600671,2352600677
9782352600695,
9782352601302,2352601304
9782352601319,2352601312
9782352601340,2352601347
9782352601425,2352601428
9782352601432,2352601436
9782352601449,2352601444
9782352601463,
9782352601487,
9782352601494,
9782352601524,2352601525
9782352601531,2352601533
9782352630272,2352630274
9782352630319,2352630312
9782352630623,2352630622
9782352630630,2352630630
9782352630722,235263072X
9782352630807,2352630800
9782352630814,2352630819
9782352630838,2352630835
9782352630890,2352630894
9782352630920,2352630924
9782352630968,2352630967
9782352631156,2352631157
9782352631453,2352631459
9782352631590,2352631599
9782352631613,2352631610
9782352631620,2352631629
9782352631651,2352631653
9782352631705,235263170X
9782352631736,2352631734
9782352631897,2352631890
9782352631903,2352631904
9782352631910,2352631912
9782352631927,2352631920
9782352631996,2352631998
9782352632016,2352632013
9782352632030,235263203X
9782352632122,2352632129
9782352632146,2352632145
9782352632290,2352632293
9782352632320,2352632323
9782352632337,2352632331
9782352632344,235263234X
9782352632368,2352632366
9782352632375,2352632374
9782352632405,2352632404
9782352632474,2352632471
9782352632481,235263248X
9782352632542,2352632544
9782352632566,2352632560
9782352632597,2352632595
9782352632603,2352632609
9782352632610,2352632617
9782352632627,2352632625
9782352632634,2352632633
9782352632641,2352632641
9782352632665,2352632668
9782352632689,2352632684
9782352632696,2352632692
9782352632740,2352632749
9782352632757,2352632757
9782352632764,2352632765
9782352632771,
9782352632788,
9782352632795,235263279X
9782352632801,2352632803
9782352632818,
9782352632825,235263282X
9782352632832,2352632838
9782352632849,2352632846
9782352632863,2352632862
9782352632870,2352632870
9782352632887,2352632889
9782352632894,2352632897
9782352632917,2352632919
9782352632924,2352632927
9782352632931,2352632935
9782352632993,
9782352633006,2352633001
9782352633082,2352633087
9782352633099,2352633095
9782352633648,2352633648
9782352633662,2352633664
9782352633761,
9782352650270,
9782352650287,2352650283
9782352650300,2352650305
9782352650317,
9782352650324,2352650321
9782352650355,
9782352650362,2352650364
9782352650379,2352650372
9782352650386,
9782352650409,
9782352650423,
9782352650430,
9782352650454,2352650453
9782352650577,
9782352650638,2352650631
9782352650645,
9782352650669,
9782352650676,
9782352650683,
9782352650690,2352650690
9782352650706,
9782352650713,2352650712
9782352650959,235265095X
9782352650973,2352650976
9782352650980,
9782352651291,
9782352651314,
9782352651321,
9782352651345,
9782352651352,
9782352651369,
9782352651376,
9782352651406,
9782352651420,
9782352651437,
9782352651444,
9782352651468,
9782352651482,
9782352651499,
9782352651505,
9782352651512,
9782352651550,
9782352651567,
9782352651581,
9782352651598,
9782352651604,
9782352651628,
9782352651659,
9782352651666,
9782352651673,
9782352651680,
9782352651697,
9782352651710,
9782352651734,
9782352654476,
9782352673163,235267316X
9782352673255,2352673259
9782352673989,2352673984
9782352674528,2352674522
9782352676058,2352676053
9782352676607,2352676606
9782352676973,2352676975
9782352676980,2352676983
9782352677055,
9782352700609,2352700604
9782352700869,2352700868
9782352700876,2352700876
9782352700883,2352700884
9782352700906,2352700906
9782352700920,2352700922
9782352700951,2352700957
9782352700968,2352700965
9782352700975,2352700973
9782352700982,2352700981
9782352700999,235270099X
9782352701026,2352701023
9782352701033,2352701031
9782352701040,235270104X
9782352701071,2352701074
9782352701095,2352701090
9782352701118,2352701112
9782352701125,2352701120
9782352701132,2352701139
9782352701149,2352701147
9782352701163,2352701163
9782352701170,2352701171
9782352701187,235270118X
9782352701224,2352701228
9782352701248,2352701244
9782352701255,2352701252
9782352701262,2352701260
9782352701279,2352701279
9782352701286,2352701287
9782352701293,2352701295
9782352701309,2352701309
9782352701316,2352701317
9782352701323,2352701325
9782352701330,2352701333
9782352701354,235270135X
9782352701361,2352701368
9782352701378,2352701376
9782352701385,2352701384
9782352701392,2352701392
9782352701408,2352701406
9782352701415,2352701414
9782352701422,2352701422
9782352701439,2352701430
9782352701446,2352701449
9782352701453,2352701457
9782352701460,2352701465
9782352701637,2352701635
9782352701644,2352701643
9782352701668,235270166X
9782352701675,2352701678
9782352701699,2352701694
9782352701705,2352701708
9782352701712,2352701716
9782352701736,2352701732
9782352701767,2352701767
9782352701774,2352701775
9782352701781,2352701783
9782352701798,2352701791
9782352701804,2352701805
9782352701828,2352701821
9782352701910,2352701910
9782352701927,2352701929
9782352701934,
9782352701941,2352701945
9782352701958,2352701953
9782352701965,2352701961
9782352702382,2352702380
9782352702399,2352702399
9782352702405,2352702402
9782352702412,2352702410
9782352702436,2352702437
9782352702764,2352702763
9782352702771,2352702771
9782352702788,235270278X
9782352702795,2352702798
9782352702818,235270281X
9782352702832,2352702836
9782352702849,2352702844
9782352702856,2352702852
9782352702863,2352702860
9782352702870,2352702879
9782352702894,2352702895
9782352702900,2352702909
9782352702924,
9782352702948,2352702941
9782352702955,235270295X
9782352702962,
9782352702979,
9782352702986,
9782352703006,
9782352703013,
9782352703020,
9782352703044,2352703042
9782352703051,
9782352703068,
9782352703075,
9782352703082,
9782352703099,
9782352703105,
9782352703112,
9782352703129,2352703123
9782352703136,
9782352703143,
9782352703150,
9782352703167,
9782352703174,
9782352820246,
9782352820277,2352820278
9782352820291,2352820294
9782352820321,2352820324
9782352820505,
9782352820512,
9782352820543,
9782352830375,2352830370
9782352830382,2352830389
9782352830429,2352830427
9782352830443,2352830443
9782352830498,2352830494
9782352830504,
9782352830511,2352830516
9782352830542,2352830540
9782352830559,2352830559
9782352830566,2352830567
9782352830580,2352830583
9782352830597,2352830591
9782352830603,2352830605
9782352830610,2352830613
9782352830634,235283063X
9782352830658,2352830656
9782352830665,2352830664
9782352830672,2352830672
9782352830689,
9782352830696,2352830699
9782352830702,2352830702
9782352830719,2352830710
9782352830726,2352830729
9782352830733,2352830737
9782352830757,2352830753
9782352830771,235283077X
9782352830788,2352830788
9782352830795,2352830796
9782352830801,235283080X
9782352830825,2352830826
9782352830849,2352830842
9782352830887,2352830885
9782352830917,2352830915
9782352830924,2352830923
9782352830948,235283094X
9782352830955,2352830958
9782352830962,2352830966
9782352830979,2352830974
9782352830986,2352830982
9782352832621,2352832624
9782352832638,2352832632
9782352832652,2352832659
9782352832669,2352832667
9782352832737,235283273X
9782352832744,2352832748
9782352832751,2352832756
9782352832782,2352832780
9782352832799,2352832799
9782352832805,2352832802
9782352832812,2352832810
9782352832829,2352832829
9782352832836,2352832837
9782352834304,2352834309
9782352834311,
9782352835127,
9782352835134,
9782352835141,
9782352835158,
9782352835165,
9782352835172,2352835178
9782352835189,2352835186
9782352835196,2352835194
9782352835202,2352835208
9782352835219,
9782352835226,
9782352835233,
9782352835257,2352835259
9782352835264,2352835267
9782352835271,
9782352835288,2352835283
9782352835295,
9782352835301,
9782352835318,2352835313
9782352835325,
9782352835332,235283533X
9782352835349,2352835348
9782352835356,2352835356
9782352835363,2352835364
9782352835370,2352835372
9782352835387,2352835380
9782352835394,
9782352839002,
9782352839019,
9782352839026,2352839025
9782352839033,2352839033
9782352839040,
9782352839057,
9782352839064,
9782352839118,2352839114
9782352839125,
9782352839132,
9782352839149,
9782352839156,
9782352840008,2352840007
9782352840015,2352840015
9782352840022,2352840023
9782352840039,2352840031
9782352840282,2352840287
9782352840343,2352840341
9782352840404,
9782352840459,2352840457
9782352840541,2352840546
9782352840558,2352840554
9782352840565,2352840562
9782352840589,
9782352840596,2352840597
9782352840619,
9782352840626,
9782352840633,
9782352840640,
9782352840657,2352840651
9782352840664,
9782352840671,2352840678
9782352840688,2352840686
9782352840718,2352840716
9782352840756,2352840759
9782352840763,2352840767
9782352840770,2352840775
9782352840787,2352840783
9782352840794,2352840791
9782352840817,
9782352840824,
9782352840831,
9782352840848,2352840848
9782352840855,2352840856
9782352840893,2352840899
9782352840909,2352840902
9782352840916,2352840910
9782352840923,2352840929
9782352840978,235284097X
9782352840992,
9782352841005,
9782352841173,2352841178
9782352841180,2352841186
9782352841203,2352841208
9782352841234,2352841232
9782352841258,2352841259
9782352841272,2352841275
9782352841296,2352841291
9782352841319,2352841313
9782352841357,2352841356
9782352841388,2352841380
9782352841548,2352841542
9782352841623,2352841623
9782352841791,
9782352841814,235284181X
9782352841821,
9782352841838,2352841836
9782352841876,2352841879
9782352841883,
9782352841913,
9782352841944,
9782352842002,235284200X
9782352842019,2352842018
9782352842026,2352842026
9782352842033,2352842034
9782352842040,2352842042
9782352842057,2352842050
9782352842118,2352842115
9782352842187,
9782352842293,
9782352842316,
9782352842323,
9782352842330,
9782352842347,
9782352842354,
9782352842361,
9782352842378,
9782352850106,
9782352850731,2352850738
9782352850762,2352850762
9782352850779,2352850770
9782352850786,2352850789
9782352850793,2352850797
9782352850809,2352850800
9782352850816,2352850819
9782352850823,2352850827
9782352850861,235285086X
9782352850885,2352850886
9782352850977,2352850975
9782352851004,2352851009
9782352851097,2352851092
9782352851103,2352851106
9782352851110,2352851114
9782352851127,2352851122
9782352851134,
9782352851141,2352851149
9782352851158,2352851157
9782352851165,2352851165
9782352851172,2352851173
9782352851189,
9782352851196,
9782352851202,
9782352851219,
9782352851233,
9782352851240,2352851246
9782352851257,
9782352851264,2352851262
9782352851271,2352851270
9782352851288,2352851289
9782352851295,2352851297
9782352851301,
9782352870111,2352870119
9782352871668,2352871662
9782352871682,2352871689
9782352871811,2352871816
9782352871842,2352871840
9782352871859,2352871859
9782352871934,235287193X
9782352872054,2352872057
9782352872061,2352872065
9782352872078,2352872073
9782352872085,2352872081
9782352872092,235287209X
9782352872115,2352872111
9782352872184,2352872189
9782352872221,2352872227
9782352872252,2352872251
9782352872443,2352872448
9782352872832,2352872839
9782352872870,2352872871
9782352872887,235287288X
9782352872917,235287291X
9782352872986,2352872987
9782352872993,2352872995
9782352873044,2352873045
9782352873143,2352873142
9782352873150,2352873150
9782352873198,2352873193
9782352873471,2352873479
9782352873952,2352873959
9782352875314,2352875315
9782352875352,2352875358
9782352875468,2352875463
9782352875475,2352875471
9782352875512,235287551X
9782352875529,2352875528
9782352875741,2352875749
9782352875758,2352875757
9782352875789,2352875781
9782352876038,2352876036
9782352876045,2352876044
9782352876076,2352876079
9782352876083,2352876087
9782352876113,2352876117
9782352876236,2352876230
9782352876281,2352876281
9782352876304,2352876303
9782352876540,2352876540
9782352876717,2352876710
9782352876724,2352876729
9782352876786,2352876788
9782352876908,2352876907
9782352876946,235287694X
9782352876953,2352876958
9782352877042,2352877040
9782352877134,235287713X
9782352877158,2352877156
9782352877165,2352877164
9782352877219,2352877210
9782352879053,2352879051
9782352879114,2352879116
9782352879220,2352879221
9782352879237,235287923X
9782352879251,2352879256
9782352879268,2352879264
9782352879275,2352879272
9782352879282,2352879280
9782352879299,2352879299
9782352879329,2352879329
9782352879336,2352879337
9782352879961,2352879965
9782352883982,2352883989
9782352884088,235288408X
9782352884163,2352884160
9782352884194,2352884195
9782352884224,2352884225
9782352884279,2352884276
9782352884286,2352884284
9782352884309,2352884306
9782352884316,2352884314
9782352884323,
9782352884354,2352884357
9782352884378,2352884373
9782352884415,2352884411
9782352884521,2352884527
9782352884538,2352884535
9782352884545,2352884543
9782352884576,2352884578
9782352884583,2352884586
9782352884590,2352884594
9782352884606,2352884608
9782352884644,2352884640
9782352884651,2352884659
9782352884668,2352884667
9782352884712,2352884713
9782352884804,2352884802
9782352884859,2352884853
9782352884866,2352884861
9782352884873,235288487X
9782352884897,2352884896
9782352884903,235288490X
9782352884927,2352884926
9782352884941,2352884942
9782352884958,2352884950
9782352884965,2352884969
9782352884972,2352884977
9782352885009,2352885000
9782352885016,2352885019
9782352885023,2352885027
9782352885030,2352885035
9782352885054,2352885051
9782352885078,2352885078
9782352885085,2352885086
9782352885092,2352885094
9782352885122,2352885124
9782352885139,2352885132
9782352885146,2352885140
9782352885153,2352885159
9782352885160,2352885167
9782352885177,2352885175
9782352885191,2352885191
9782352885207,2352885205
9782352885221,2352885221
9782352885238,235288523X
9782352885245,2352885248
9782352885252,2352885256
9782352885269,2352885264
9782352885276,2352885272
9782352885283,2352885280
9782352885290,2352885299
9782352885306,2352885302
9782352885320,2352885329
9782352885337,2352885337
9782352885351,2352885353
9782352885368,2352885361
9782352885375,235288537X
9782352885399,2352885396
9782352885412,2352885418
9782352885436,2352885434
9782352885450,2352885450
9782352885467,2352885469
9782352885474,2352885477
9782352885498,2352885493
9782352885504,2352885507
9782352885511,2352885515
9782352885542,235288554X
9782352885559,2352885558
9782352885566,2352885566
9782352885573,2352885574
9782352885597,2352885590
9782352887058,2352887054
9782352887072,2352887070
9782352887089,2352887089
9782352887096,2352887097
9782352887102,2352887100
9782352887119,2352887119
9782352887126,2352887127
9782352887133,
9782352887140,2352887143
9782352887157,2352887151
9782352887164,235288716X
9782352887195,2352887194
9782352887249,2352887240
9782352887256,2352887259
9782352887263,2352887267
9782352887270,2352887275
9782352887300,2352887305
9782352887317,2352887313
9782352887324,2352887321
9782352887331,235288733X
9782352887348,2352887348
9782352887379,2352887372
9782352887386,2352887380
9782352887393,2352887399
9782352887416,2352887410
9782352887423,2352887429
9782352887478,235288747X
9782352887485,2352887488
9782352887508,235288750X
9782352887515,2352887518
9782352887522,2352887526
9782352887539,2352887534
9782352887553,2352887550
9782352887560,2352887569
9782352887577,2352887577
9782352887607,2352887607
9782352887645,235288764X
9782352887652,2352887658
9782352887690,2352887690
9782352887768,2352887763
9782352887775,2352887771
9782352887829,2352887828
9782352887836,2352887836
9782352887843,2352887844
9782352887867,2352887860
9782352887874,2352887879
9782352887881,2352887887
9782352887904,2352887909
9782352887911,2352887917
9782352887935,2352887933
9782352887942,2352887941
9782352887959,235288795X
9782352887966,2352887968
9782352888017,2352888018
9782352888024,2352888026
9782352888031,2352888034
9782352888055,2352888050
9782352888086,2352888085
9782352888093,2352888093
9782352888109,2352888107
9782352888116,2352888115
9782352888130,2352888131
9782352888178,2352888174
9782352888185,2352888182
9782352888192,2352888190
9782352888208,2352888204
9782352888222,2352888220
9782352888253,2352888255
9782352888277,2352888271
9782352888284,235288828X
9782352888307,2352888301
9782352888314,235288831X
9782352888321,2352888328
9782352888338,2352888336
9782352888345,2352888344
9782352888376,2352888379
9782352888390,2352888395
9782352888420,2352888425
9782352888437,2352888433
9782352888468,2352888468
9782352888475,2352888476
9782352888482,2352888484
9782352888529,2352888522
9782352888543,2352888549
9782352888567,2352888565
9782352888598,235288859X
9782352888604,2352888603
9782352888611,2352888611
9782352888628,235288862X
9782352888642,2352888646
9782352888659,2352888654
9782352888666,2352888662
9782352888673,2352888670
9782352888703,2352888700
9782352888741,2352888743
9782352888758,2352888751
9782352888789,2352888786
9782352890713,2352890713
9782352890751,2352890756
9782352890799,2352890799
9782352890805,2352890802
9782352890829,2352890829
9782352890843,2352890845
9782352890850,2352890853
9782352890867,2352890861
9782352890874,235289087X
9782352890881,2352890888
9782352890904,235289090X
9782352890928,
9782352890935,2352890934
9782352890942,2352890942
9782352890959,2352890950
9782352890973,2352890977
9782352890997,2352890993
9782352891000,2352891000
9782352891017,2352891019
9782352891024,2352891027
9782352891031,2352891035
9782352891055,2352891051
9782352891086,2352891086
9782352891093,2352891094
9782352891109,2352891108
9782352891116,2352891116
9782352891130,2352891132
9782352891147,2352891140
9782352891154,2352891159
9782352891161,2352891167
9782352891178,2352891175
9782352891185,2352891183
9782352891192,2352891191
9782352891208,2352891205
9782352891215,2352891213
9782352891222,2352891221
9782352891239,235289123X
9782352891246,2352891248
9782352891253,2352891256
9782352891260,2352891264
9782352891277,2352891272
9782352891284,2352891280
9782352891291,2352891299
9782352891307,2352891302
9782352891321,2352891329
9782352891345,2352891345
9782352891352,2352891353
9782352891376,235289137X
9782352891383,2352891388
9782352891420,2352891426
9782352891437,2352891434
9782352891444,2352891442
9782352891468,2352891469
9782352891475,2352891477
9782352891499,2352891493
9782352891505,2352891507
9782352891512,2352891515
9782352891536,2352891531
9782352891642,2352891647
9782352891659,2352891655
9782352891673,2352891671
9782352891680,235289168X
9782352891697,2352891698
9782352891703,2352891701
9782352891710,235289171X
9782352891758,2352891752
9782352891765,2352891760
9782352891932,2352891930
9782352891963,2352891965
9782352891987,2352891981
9782352891994,235289199X
9782352892007,2352892007
9782352892014,2352892015
9782352892069,2352892066
9782352892120,2352892120
9782352892144,2352892147
9782352892151,2352892155
9782352892168,2352892163
9782352892199,2352892198
9782352892205,2352892201
9782352892212,235289221X
9782352892229,2352892228
9782352892236,2352892236
9782352892267,2352892260
9782352892274,2352892279
9782352892281,2352892287
9782352892304,2352892309
9782352892311,2352892317
9782352892328,2352892325
9782352892342,2352892341
9782352892359,235289235X
9782352892410,2352892414
9782352892731,2352892732
9782352893004,2352893003
9782352893011,2352893011
9782352893127,2352893127
9782352893134,2352893135
9782352893813,
9782352893868,2352893860
9782352893967,2352893968
9782352893974,2352893976
9782352894063,2352894069
9782352894087,2352894085
9782352894117,2352894115
9782352894124,2352894123
9782352894131,2352894131
9782352894148,235289414X
9782352894155,2352894158
9782352894162,2352894166
9782352894179,2352894174
9782352894193,2352894190
9782352894209,2352894204
9782352894216,2352894212
9782352894223,
9782352894230,
9782352894247,2352894247
9782352894254,2352894255
9782352894261,2352894263
9782352894278,2352894271
9782352894308,2352894301
9782352894322,2352894328
9782352894339,2352894336
9782352894353,
9782352894360,2352894360
9782352894407,2352894409
9782352894438,2352894433
9782352894445,2352894441
9782352894469,2352894468
9782352894513,2352894514
9782352894520,2352894522
9782352894537,2352894530
9782352894544,
9782352894551,
9782352894568,2352894565
9782352894575,2352894573
9782352894582,2352894581
9782352894599,235289459X
9782352894605,
9782352894612,
9782352894674,2352894670
9782352894681,2352894689
9782352894698,2352894697
9782352894704,2352894700
9782352894711,2352894719
9782352894728,
9782352894735,2352894735
9782352894742,2352894743
9782352894766,235289476X
9782352894773,2352894778
9782352894780,
9782352894797,2352894794
9782352894803,
9782352894810,
9782352894827,
9782352894834,2352894832
9782352894841,2352894840
9782352894865,
9782352894896,2352894891
9782352894957,2352894956
9782352894964,
9782352894971,2352894972
9782352900078,2352900077
9782352900658,2352900654
9782352900665,2352900662
9782352900702,2352900700
9782352900740,2352900743
9782352900764,235290076X
9782352900795,2352900794
9782352900801,2352900808
9782352900825,2352900824
9782352900849,2352900840
9782352900894,2352900891
9782352900900,2352900905
9782352900924,2352900921
9782352900948,2352900948
9782352901006,2352901006
9782352901013,2352901014
9782352901044,2352901049
9782352901051,2352901057
9782352901112,2352901111
9782352901143,2352901146
9782352901174,2352901170
9782352901198,2352901197
9782352901204,2352901200
9782352901211,2352901219
9782352901228,2352901227
9782352901235,
9782352901242,2352901243
9782352901266,235290126X
9782352901280,2352901286
9782352901310,2352901316
9782352901334,2352901332
9782352901341,2352901340
9782352901358,2352901359
9782352901365,2352901367
9782352901389,2352901383
9782352901396,2352901391
9782352901419,
9782352901570,
9782352901617,2352901618
9782352901716,2352901715
9782352901723,
9782352901730,2352901731
9782352901747,235290174X
9782352902089,
9782352902096,
9782352902119,
9782352902126,
9782352902133,
9782352902171,
9782352902188,2352902185
9782352902195,
9782352902201,2352902207
9782352902218,
9782352902225,2352902223
9782352902249,235290224X
9782352902331,2352902339
9782352902348,2352902347
9782352902355,2352902355
9782352902362,
9782352902379,2352902371
9782352902386,235290238X
9782352902393,
9782352902492,
9782352902508,
9782352902515,2352902517
9782352902560,
9782352902577,2352902576
9782352902614,2352902614
9782352902652,2352902657
9782352902669,2352902665
9782352902676,2352902673
9782352902683,2352902681
9782352902690,235290269X
9782352902706,2352902703
9782352902713,
9782352902720,235290272X
9782352902812,
9782352902829,2352902827
9782352902836,2352902835
9782352902843,2352902843
9782352902966,
9782352943761,2352943760
9782352943785,2352943787
9782352943792,2352943795
9782352943808,2352943809
9782352943815,2352943817
9782352943839,
9782352943846,2352943841
9782352943853,235294385X
9782352943891,2352943892
9782352944027,2352944023
9782352944058,2352944058
9782352944096,2352944090
9782352944119,2352944112
9782352944133,2352944139
9782352944140,2352944147
9782352944157,2352944155
9782352944188,235294418X
9782352944195,2352944198
9782352944225,2352944228
9782352944232,2352944236
9782352944256,2352944252
9782352944263,2352944260
9782352944270,2352944279
9782352944287,2352944287
9782352944300,2352944309
9782352944362,2352944368
9782352944447,2352944449
9782352944461,2352944465
9782352944478,2352944473
9782352944492,235294449X
9782352944515,2352944511
9782352944539,2352944538
9782352944546,2352944546
9782352944553,2352944554
9782352944560,2352944562
9782352944577,2352944570
9782352944584,2352944589
9782352944591,2352944597
9782352944607,2352944600
9782352944614,2352944619
9782352944638,2352944635
9782352944676,2352944678
9782352944690,2352944694
9782352944706,2352944708
9782352944737,2352944732
9782352944744,2352944740
9782352944768,2352944767
9782352944782,2352944783
9782352944799,2352944791
9782352944829,2352944821
9782352944836,235294483X
9782352944843,2352944848
9782352944850,2352944856
9782352944867,2352944864
9782352944874,2352944872
9782352944881,2352944880
9782352944898,2352944899
9782352944928,2352944929
9782352945031,2352945038
9782352945079,2352945070
9782352945093,2352945097
9782352945123,2352945127
9782352945185,2352945186
9782352945253,2352945259
9782352945260,2352945267
9782352945321,2352945321
9782352945338,235294533X
9782352945345,2352945348
9782352945352,2352945356
9782352945413,2352945410
9782352945420,2352945429
9782352945437,2352945437
9782352945444,2352945445
9782352945451,2352945453
9782352945468,2352945461
9782352945512,2352945518
9782352945543,2352945542
9782352945550,2352945550
9782352945567,2352945569
9782352945574,2352945577
9782352945581,2352945585
9782352945611,2352945615
9782352945628,2352945623
9782352945642,235294564X
9782352945680,2352945682
9782352945710,2352945712
9782352945727,2352945720
9782352945758,2352945755
9782352945864,2352945860
9782352945871,2352945879
9782352945888,2352945887
9782352945895,2352945895
9782352945932,2352945933
9782352945949,2352945941
9782352945956,235294595X
9782352945963,2352945968
9782352945970,2352945976
9782352946007,235294600X
9782352946014,2352946018
9782352946021,2352946026
9782352946069,2352946069
9782352946304,2352946301
9782352946311,235294631X
9782352946335,2352946336
9782352946373,2352946379
9782352946397,2352946395
9782352946434,2352946433
9782352946458,235294645X
9782352946465,2352946468
9782352946663,2352946662
9782352946694,2352946697
9782352946748,2352946743
9782352946779,2352946778
9782352946854,2352946859
9782352946861,2352946867
9782352946915,2352946913
9782352946984,2352946980
9782352946991,2352946999
9782352947141,2352947146
9782352947165,2352947162
9782352947172,2352947170
9782352947219,2352947219
9782352947226,2352947227
9782352947233,2352947235
9782352947271,2352947278
9782352947318,2352947316
9782352947325,2352947324
9782352947332,2352947332
9782352947349,2352947340
9782352947370,2352947375
9782352947394,2352947391
9782352947400,2352947405
9782352947424,2352947421
9782352947431,235294743X
9782352947448,2352947448
9782352947455,2352947456
9782352947462,2352947464
9782352947509,2352947502
9782352947516,2352947510
9782352947530,2352947537
9782352947554,2352947553
9782352947578,235294757X
9782352947592,2352947596
9782352947646,2352947642
9782352947813,2352947812
9782352947820,2352947820
9782352947837,2352947839
9782352947844,2352947847
9782352947868,2352947863
9782352947899,2352947898
9782352947905,2352947901
9782352947943,2352947944
9782352947967,2352947960
9782352947981,2352947987
9782352948018,2352948010
9782352948025,2352948029
9782352948032,2352948037
9782352948056,2352948053
9782352948063,2352948061
9782352948070,235294807X
9782352948094,2352948096
9782352948100,235294810X
9782352948117,2352948118
9782352948155,2352948150
9782352948742,2352948746
9782352949107,2352949106
9782352953142,2352953146
9782352959229,
9782352959540,2352959543
9782353070220,2353070221
9782353070329,2353070329
9782353070343,2353070345
9782353070435,2353070434
9782353070459,
9782353070466,
9782353070473,
9782353110056,2353110053
9782353110124,2353110126
9782353110131,2353110134
9782353110193,2353110193
9782353110230,2353110231
9782353110254,2353110258
9782353110346,2353110347
9782353110360,
9782353110384,235311038X
9782353110391,2353110398
9782353110407,
9782353110438,
9782353110452,
9782353110469,
9782353110513,2353110517
9782353110520,2353110525
9782353110582,2353110584
9782353110742,
9782353110919,
9782353110926,2353110924
9782353110933,
9782353110940,2353110940
9782353110957,
9782353110964,
9782353110971,2353110975
9782353110988,2353110983
9782353110995,
9782353111008,2353111009
9782353111015,
9782353111022,2353111025
9782353111046,
9782353111053,
9782353111091,
9782353111107,
9782353111121,
9782353111138,
9782353111152,
9782353111206,
9782353111213,
9782353252626,2353252621
9782353252800,235325280X
9782353252831,2353252834
9782353252985,2353252982
9782353253111,2353253113
9782353253593,2353253598
9782353253746,2353253741
9782353253999,2353253997
9782353254002,2353254004
9782353254019,2353254012
9782353254064,2353254063
9782353254156,2353254152
9782353254163,2353254160
9782353254170,2353254179
9782353254187,2353254187
9782353254316,2353254314
9782353254552,2353254551
9782353254767,2353254764
9782353255337,2353255337
9782353255344,2353255345
9782353255405,235325540X
9782353255740,2353255744
9782353256235,2353256236
9782353256464,2353256465
9782353256471,2353256473
9782353256488,2353256481
9782353256624,2353256627
9782353257669,2353257666
9782353257676,2353257674
9782353257737,
9782353257751,
9782353257768,
9782353257782,235325778X
9782353257997,2353257992
9782353258277,2353258271
9782353258284,235325828X
9782353258291,2353258298
9782353258314,235325831X
9782353258321,2353258328
9782353258338,2353258336
9782353258345,2353258344
9782353258352,2353258352
9782353258369,2353258360
9782353258376,2353258379
9782353258383,2353258387
9782353258406,2353258409
9782353258413,2353258417
9782353258420,2353258425
9782353258437,2353258433
9782353258444,2353258441
9782353258451,235325845X
9782353258475,2353258476
9782353258482,2353258484
9782353258499,2353258492
9782353258512,2353258514
9782353258536,2353258530
9782353258543,2353258549
9782353258550,2353258557
9782353258567,2353258565
9782353258598,235325859X
9782353258611,2353258611
9782353258628,235325862X
9782353258635,2353258638
9782353258642,2353258646
9782353258673,2353258670
9782353258680,2353258689
9782353258697,2353258697
9782353258703,2353258700
9782353258710,2353258719
9782353258727,
9782353258734,
9782353258741,2353258743
9782353258758,
9782353258765,235325876X
9782353258826,
9782353258833,2353258832
9782353258840,
9782353258857,
9782353258871,
9782353258888,
9782353258895,
9782353258901,2353258905
9782353258925,2353258921
9782353258932,235325893X
9782353258949,
9782353258956,
9782353258963,
9782353258970,2353258972
9782353258987,
9782353258994,
9782353259007,2353259006
9782353259014,
9782353259038,2353259030
9782353259045,
9782353259052,
9782353259076,
9782353270385,2353270387
9782353270590,235327059X
9782353270712,2353270719
9782353270736,2353270735
9782353270934,235327093X
9782353270958,2353270956
9782353270965,2353270964
9782353270972,2353270972
9782353271016,2353271014
9782353271023,2353271022
9782353271054,2353271057
9782353271085,2353271081
9782353271108,2353271103
9782353271146,2353271146
9782353271153,2353271154
9782353271177,2353271170
9782353271207,2353271200
9782353271214,2353271219
9782353271245,2353271243
9782353271252,2353271251
9782353271283,2353271286
9782353271290,2353271294
9782353271351,2353271359
9782353271368,2353271367
9782353271375,2353271375
9782353271412,2353271413
9782353271429,2353271421
9782353271436,235327143X
9782353271443,2353271448
9782353271467,2353271464
9782353271573,235327157X
9782353271863,2353271863
9782353271887,235327188X
9782353271917,235327191X
9782353272310,2353272312
9782353272327,2353272320
9782353272365,2353272363
9782353272372,2353272371
9782353272549,2353272541
9782353272570,2353272576
9782353272617,2353272614
9782353272631,2353272630
9782353272679,2353272673
9782353272877,2353272878
9782353272907,2353272908
9782353273072,2353273076
9782353273164,2353273165
9782353274062,2353274064
9782353274239,2353274234
9782353274260,2353274269
9782353274383,2353274382
9782353274420,2353274420
9782353274499,2353274498
9782353280483,
9782353280513,
9782353280568,
9782353280599,
9782353280667,
9782353280674,
9782353280698,
9782353280704,2353280706
9782353280711,
9782353280728,
9782353280735,2353280730
9782353280742,
9782353280766,
9782353280803,2353280803
9782353280810,2353280811
9782353280858,2353280854
9782353280872,2353280870
9782353280919,2353280919
9782353281015,
9782353281022,
9782353281039,
9782353281091,
9782353281114,
9782353281138,
9782353281145,
9782353281206,
9782353281268,
9782353281299,
9782353281626,
9782353281909,
9782353281916,
9782353281923,
9782353281947,
9782353281978,2353281974
9782353290307,2353290302
9782353290321,2353290329
9782353290338,2353290337
9782353290352,2353290353
9782353290369,2353290361
9782353290543,235329054X
9782353290550,2353290558
9782353290628,2353290620
9782353290659,2353290655
9782353290673,
9782353290734,
9782353290758,2353290752
9782353290826,2353290825
9782353300105,
9782353300112,
9782353300143,
9782353300181,2353300189
9782353300518,
9782353352814,2353352812
9782353352999,2353352995
9782353353279,
9782353353309,2353353304
9782353353354,
9782353353378,
9782353353408,
9782353353453,2353353452
9782353353460,
9782353353477,
9782353353484,
9782353353491,
9782353353507,
9782353353538,
9782353353576,
9782353353606,
9782353353637,
9782353353651,2353353657
9782353353668,
9782353353682,2353353681
9782353353699,235335369X
9782353353712,
9782353353729,
9782353353736,
9782353353750,
9782353353767,
9782353353774,
9782353353781,
9782353353811,
9782353353842,
9782353353859,
9782353353866,235335386X
9782353353880,
9782353353897,
9782353353903,
9782353353910,
9782353353934,
9782353353958,
9782353353965,2353353967
9782353353989,
9782353353996,
9782353354009,
9782353354054,
9782353354061,2353354068
9782353354078,
9782353354085,
9782353354092,2353354092
9782353354108,
9782353354122,2353354122
9782353354146,2353354149
9782353354177,
9782353354207,
9782353354221,
9782353354252,
9782353354276,2353354270
9782353354313,
9782353380374,2353380379
9782353380381,2353380387
9782353380398,2353380395
9782353380404,2353380409
9782353380428,2353380425
9782353380435,2353380433
9782353380442,2353380441
9782353380534,
9782353380541,2353380549
9782353380558,
9782353380565,
9782353380572,
9782353380589,
9782353390021,
9782353400287,2353400280
9782353400577,2353400574
9782353400683,235340068X
9782353400799,2353400795
9782353400867,2353400868
9782353400898,2353400892
9782353400904,2353400906
9782353400966,2353400965
9782353400980,
9782353401031,2353401031
9782353401079,2353401074
9782353401086,2353401082
9782353401093,2353401090
9782353401109,2353401104
9782353401130,2353401139
9782353401147,2353401147
9782353401178,2353401171
9782353401185,235340118X
9782353401574,2353401570
9782353401697,2353401694
9782353401758,2353401759
9782353401765,2353401767
9782353401826,2353401821
9782353401857,2353401856
9782353401864,2353401864
9782353401871,2353401872
9782353401932,2353401937
9782353401987,2353401988
9782353401994,2353401996
9782353402069,2353402062
9782353402083,2353402089
9782353402175,2353402178
9782353402434,2353402437
9782353402519,2353402518
9782353402526,2353402526
9782353402540,2353402542
9782353402557,2353402550
9782353402717,2353402712
9782353402731,2353402739
9782353402762,2353402763
9782353402960,
9782353402977,2353402976
9782353402984,
9782353402991,2353402992
9782353403011,2353403018
9782353403035,2353403034
9782353403042,2353403042
9782353403059,
9782353403066,
9782353403097,
9782353403127,2353403123
9782353403134,
9782353403141,235340314X
9782353403158,
9782353403165,2353403166
9782353403189,
9782353403202,
9782353403226,
9782353403240,2353403247
9782353403257,2353403255
9782353403271,
9782353403295,
9782353403301,
9782353410019,2353410014
9782353410910,235341091X
9782353410927,2353410928
9782353410965,2353410960
9782353450244,2353450245
9782353450329,2353450326
9782353450343,2353450342
9782353450350,2353450350
9782353450374,2353450377
9782353450404,2353450407
9782353450411,2353450415
9782353450428,2353450423
9782353450442,235345044X
9782353450459,2353450458
9782353450480,2353450482
9782353450541,2353450547
9782353450565,2353450563
9782353450572,2353450571
9782353450602,2353450601
9782353450640,2353450644
9782353450664,2353450660
9782353450671,2353450679
9782353450701,2353450709
9782353450954,2353450954
9782353451029,2353451020
9782353451050,2353451055
9782353451104,2353451101
9782353451128,2353451128
9782353451173,2353451179
9782353451227,2353451225
9782353451234,2353451233
9782353451241,2353451241
9782353451425,235345142X
9782353451432,2353451438
9782353451470,2353451470
9782353451494,2353451497
9782353451630,2353451632
9782353451647,2353451640
9782353451944,2353451942
9782353451982,2353451985
9782353452019,2353452019
9782353452026,2353452027
9782353452033,2353452035
9782353452040,2353452043
9782353452064,235345206X
9782353452088,2353452086
9782353452095,2353452094
9782353452101,2353452108
9782353452118,2353452116
9782353452132,
9782353452149,
9782353452156,2353452159
9782353452163,2353452167
9782353452170,2353452175
9782353452187,2353452183
9782353452194,2353452191
9782353452200,
9782353452217,
9782353452224,2353452221
9782353452231,235345223X
9782353452248,2353452248
9782353452255,2353452256
9782353452279,
9782353452286,2353452280
9782353452323,
9782353452330,
9782353452347,
9782353452354,2353452353
9782353452361,
9782353452378,235345237X
9782353452385,
9782353452392,
9782353452408,
9782353460342,
9782353480203,2353480209
9782353480241,2353480241
9782353480258,235348025X
9782353480265,2353480268
9782353480296,2353480292
9782353480302,2353480306
9782353480319,2353480314
9782353480326,2353480322
9782353480333,2353480330
9782353480340,2353480349
9782353480364,2353480365
9782353480371,2353480373
9782353480388,2353480381
9782353480395,235348039X
9782353480401,2353480403
9782353480425,235348042X
9782353480432,2353480438
9782353480449,2353480446
9782353480494,2353480497
9782353480524,2353480527
9782353480555,2353480551
9782353480609,2353480608
9782353480630,2353480632
9782353480678,2353480675
9782353480685,2353480683
9782353480692,2353480691
9782353480845,2353480845
9782353480890,2353480896
9782353481187,2353481183
9782353481194,2353481191
9782353481255,2353481256
9782353481262,2353481264
9782353481279,2353481272
9782353481323,2353481329
9782353481354,2353481353
9782353481408,235348140X
9782353481415,2353481418
9782353481422,2353481426
9782353481439,2353481434
9782353481446,2353481442
9782353481453,2353481450
9782353481460,
9782353481477,2353481477
9782353481484,2353481485
9782353481491,2353481493
9782353481507,
9782353481514,2353481515
9782353481521,2353481523
9782353481538,2353481531
9782353481545,235348154X
9782353481552,2353481558
9782353481569,2353481566
9782353481576,2353481574
9782353481583,2353481582
9782353481590,2353481590
9782353481606,2353481604
9782353481620,
9782353481637,2353481639
9782353481644,2353481647
9782353481682,235348168X
9782353481699,
9782353481705,2353481701
9782353481712,
9782353481729,2353481728
9782353481736,
9782353481743,
9782353481767,2353481760
9782353481774,2353481779
9782353481781,
9782353481798,
9782353481811,
9782353481859,235348185X
9782353481873,
9782353481880,2353481884
9782353481903,2353481906
9782353481910,
9782353481934,2353481930
9782353481941,2353481949
9782353481958,
9782353481972,2353481973
9782353481989,
9782353481996,235348199X
9782353482009,2353482007
9782353482016,2353482015
9782353482023,
9782353482030,
9782353482047,235348204X
9782353482054,
9782353482061,2353482066
9782353482078,2353482074
9782353482085,
9782353482092,2353482090
9782353482108,
9782353482122,2353482120
9782353482139,
9782353482146,
9782353482153,
9782353490943,
9782353491018,2353491014
9782353491230,
9782353491247,2353491243
9782353491278,
9782353491292,
9782353491308,2353491308
9782353491339,
9782353491377,2353491375
9782353491384,
9782353491391,
9782353491407,
9782353491445,
9782353491452,
9782353491469,2353491464
9782353491476,2353491472
9782353491483,2353491480
9782353491490,
9782353491506,2353491502
9782353491513,2353491510
9782353491537,
9782353491544,
9782353491551,2353491553
9782353491575,
9782353491582,2353491588
9782353491605,
9782353491612,
9782353491643,
9782353491650,
9782353491667,2353491669
9782353491674,2353491677
9782353491704,2353491707
9782353491728,
9782353491766,
9782353491773,
9782353491803,
9782353491810,
9782353491896,
9782353491919,235349191X
9782353491933,
9782353491964,
9782353491988,
9782353492046,
9782353492053,2353492053
9782353492060,2353492061
9782353500017,
9782353500055,2353500056
9782353500154,2353500153
9782353500369,
9782353500376,2353500374
9782353500383,2353500382
9782353500390,
9782353500406,2353500404
9782353500413,2353500412
9782353500437,2353500439
9782353500444,
9782353557509,2353557503
9782353558001,2353558003
9782353559039,2353559034
9782353570621,2353570623
9782353610167,2353610161
9782353610204,235361020X
9782353610211,2353610218
9782353610228,2353610226
9782353610259,2353610250
9782353610266,2353610269
9782353610273,2353610277
9782353610280,2353610285
9782353610303,2353610307
9782353610327,2353610323
9782353610334,2353610331
9782353610341,235361034X
9782353610358,2353610358
9782353610389,2353610382
9782353610396,2353610390
9782353610402,2353610404
9782353610426,2353610420
9782353610433,2353610439
9782353610440,2353610447
9782353610457,2353610455
9782353610471,2353610471
9782353610488,235361048X
9782353610495,2353610498
9782353610501,2353610501
9782353610518,235361051X
9782353610525,2353610528
9782353610532,2353610536
9782353610549,2353610544
9782353610556,2353610552
9782353610570,2353610579
9782353610587,2353610587
9782353610594,2353610595
9782353610617,2353610617
9782353610624,2353610625
9782353610655,235361065X
9782353610662,2353610668
9782353610679,2353610676
9782353610686,2353610684
9782353610693,2353610692
9782353610709,
9782353610716,
9782353610723,
9782353650644,2353650643
9782353650699,2353650694
9782353650804,2353650805
9782353650941,2353650945
9782353660520,2353660525
9782353660872,2353660878
9782353661626,2353661629
9782353661633,2353661637
9782353662036,235366203X
9782353662371,2353662374
9782353670048,2353670040
9782353670055,2353670059
9782353670062,2353670067
9782353670079,2353670075
9782353670086,2353670083
9782353670109,2353670105
9782353670147,2353670148
9782353670154,2353670156
9782353670161,2353670164
9782353670178,2353670172
9782353670192,2353670199
9782353670291,2353670296
9782353670314,2353670318
9782353670338,2353670334
9782353670550,2353670555
9782353670567,
9782353670604,2353670601
9782353670635,
9782353670642,
9782353670659,
9782353670666,2353670660
9782353670673,
9782353670697,
9782353670741,
9782353670758,235367075X
9782353670772,
9782353670789,
9782353700028,
9782353700240,2353700241
9782353700288,
9782353710874,
9782353710928,
9782353711086,2353711081
9782353711093,235371109X
9782353711178,2353711170
9782353711192,2353711197
9782353711239,2353711235
9782353711284,2353711286
9782353711291,
9782353711321,2353711324
9782353712397,2353712398
9782353712403,2353712401
9782353712410,
9782353712427,
9782353712458,2353712452
9782353712786,2353712789
9782353712793,2353712797
9782353712892,
9782353712915,2353712916
9782353712922,2353712924
9782353712939,2353712932
9782353712946,
9782353712953,2353712959
9782353712960,2353712967
9782353713493,2353713491
9782353713578,
9782353713592,2353713599
9782353713714,2353713718
9782353713721,2353713726
9782353713769,2353713769
9782353713806,2353713807
9782353714933,2353714935
9782353714971,2353714978
9782353715008,2353715001
9782353715800,235371580X
9782353715817,2353715818
9782353717156,2353717152
9782353717163,
9782353717187,2353717187
9782353717194,
9782353717200,
9782353717217,2353717217
9782353719808,
9782353719815,2353719813
9782353719822,2353719821
9782353727148,
9782353740031,2353740030
9782353740055,2353740057
9782353740079,2353740073
9782353740086,2353740081
9782353740093,235374009X
9782353740147,2353740146
9782353740413,2353740413
9782353740598,2353740596
9782353740611,2353740618
9782353740666,
9782353740697,2353740693
9782353740727,2353740723
9782353740765,2353740766
9782353740826,2353740820
9782353740833,2353740839
9782353740987,2353740987
9782353740994,2353740995
9782353741007,
9782353741014,2353741010
9782353741021,2353741029
9782353741144,2353741142
9782353741182,2353741185
9782353741205,2353741207
9782353741441,2353741444
9782353741458,2353741452
9782353741465,2353741460
9782353741489,
9782353741496,2353741495
9782353741526,
9782353741533,2353741533
9782353741540,
9782353741595,
9782353741601,2353741606
9782353741618,
9782353741663,
9782353741687,
9782353741700,
9782353741724,
9782353741731,2353741738
9782353741748,2353741746
9782353741762,
9782353741779,2353741770
9782353741786,2353741789
9782353741809,
9782353741816,
9782353741830,
9782353741847,
9782353741854,2353741851
9782353741878,2353741878
9782353741892,2353741894
9782353741908,
9782353741915,2353741916
9782353741922,2353741924
9782353741939,2353741932
9782353741946,2353741940
9782353741953,2353741959
9782353741960,2353741967
9782353741984,2353741983
9782353741991,
9782353742004,2353742009
9782353742011,2353742017
9782353742028,2353742025
9782353742035,
9782353742042,2353742041
9782353742059,
9782353742066,
9782353742073,2353742076
9782353742080,
9782353742097,2353742092
9782353742110,
9782353742127,
9782353742134,2353742130
9782353742141,2353742149
9782353742158,2353742157
9782353742165,2353742165
9782353742196,235374219X
9782353742202,
9782353742226,
9782353742233,
9782353742240,
9782353742257,2353742254
9782353742271,
9782353742301,
9782353742318,
9782353742325,
9782353742332,
9782353742349,
9782353742356,
9782353742370,
9782353742400,2353742408
9782353742424,
9782353742431,
9782353742455,
9782353742462,2353742467
9782353742486,2353742483
9782353742493,2353742491
9782353742509,
9782353742516,2353742513
9782353742523,
9782353742530,235374253X
9782353742547,2353742548
9782353742554,2353742556
9782353742561,2353742564
9782353742578,
9782353742592,2353742599
9782353742608,
9782353742615,2353742610
9782353742646,
9782353742677,
9782353742721,
9782353742745,
9782353742783,
9782353742929,2353742920
9782353742974,2353742971
9782353742998,2353742998
9782353743087,2353743080
9782353743377,
9782353743612,2353743617
9782353743780,2353743781
9782353743797,235374379X
9782353743889,2353743889
9782353743926,2353743927
9782353743933,2353743935
9782353743957,2353743951
9782353743964,
9782353743971,
9782353743988,2353743986
9782353743995,2353743994
9782353744022,2353744028
9782353744039,
9782353744046,2353744044
9782353744053,2353744052
9782353744060,2353744060
9782353744077,
9782353744084,2353744087
9782353744091,2353744095
9782353744107,2353744109
9782353744114,
9782353744121,2353744125
9782353744138,2353744133
9782353744145,2353744141
9782353744152,235374415X
9782353744169,
9782353744176,2353744176
9782353744183,
9782353744190,2353744192
9782353744206,
9782353744213,
9782353744220,
9782353744237,2353744230
9782353744244,2353744249
9782353744251,
9782353744268,
9782353744275,
9782353744282,2353744281
9782353744299,235374429X
9782353744312,2353744311
9782353744329,235374432X
9782353744336,2353744338
9782353744343,2353744346
9782353744350,2353744354
9782353744367,
9782353744374,2353744370
9782353744381,2353744389
9782353744398,
9782353744404,2353744400
9782353744411,
9782353744428,2353744427
9782353744435,2353744435
9782353744442,
9782353744459,
9782353744466,235374446X
9782353744473,2353744478
9782353744480,2353744486
9782353744497,2353744494
9782353744503,2353744508
9782353744510,
9782353744527,
9782353744534,2353744532
9782353744541,
9782353744596,
9782353744602,
9782353744619,
9782353744626,
9782353744633,
9782353744640,
9782353744657,2353744656
9782353744664,2353744664
9782353744671,2353744672
9782353744688,
9782353744695,
9782353744701,
9782353744718,2353744710
9782353744725,
9782353744732,2353744737
9782353744763,
9782353744770,
9782353744787,
9782353744794,
9782353744800,235374480X
9782353744817,
9782353744831,
9782353744848,
9782353744855,
9782353744862,2353744869
9782353744879,2353744877
9782353744886,
9782353744893,
9782353744909,
9782353744916,
9782353744923,2353744923
9782353744930,
9782353744947,235374494X
9782353744954,2353744958
9782353744985,
9782353744992,
9782353745005,
9782353745012,
9782353745029,
9782353745043,
9782353745050,
9782353745067,
9782353745074,
9782353745081,
9782353745098,
9782353745111,
9782353745135,
9782353745142,
9782353745159,
9782353745166,
9782353745173,
9782353745180,
9782353745197,
9782353745203,
9782353745210,2353745210
9782353745234,
9782353745241,
9782353745258,
9782353745265,
9782353745272,
9782353745289,
9782353800223,235380022X
9782353800278,
9782353830008,2353830005
9782353830039,235383003X
9782353830046,2353830048
9782353830060,2353830064
9782353830091,2353830099
9782353830169,2353830161
9782353830176,235383017X
9782353830183,2353830188
9782353830190,2353830196
9782353830206,235383020X
9782353830220,2353830226
9782353830527,
9782353830602,2353830609
9782353830817,2353830811
9782353830909,2353830900
9782353830930,2353830935
9782353831067,
9782353831074,2353831079
9782353831081,2353831087
9782353831098,2353831095
9782353831135,2353831133
9782353831173,2353831176
9782353831180,2353831184
9782353831241,
9782353831272,2353831273
9782353831289,2353831281
9782353831296,235383129X
9782353831388,
9782353831395,2353831397
9782353831425,2353831427
9782353831432,2353831435
9782353831449,2353831443
9782353831456,2353831451
9782353831463,235383146X
9782353831470,2353831478
9782353831487,2353831486
9782353831579,
9782353831616,
9782353831647,2353831648
9782353831654,2353831656
9782353831678,2353831672
9782353831692,2353831699
9782353831708,2353831702
9782353831722,2353831729
9782353831739,2353831737
9782353831784,
9782353831791,2353831796
9782353831807,235383180X
9782353831814,2353831818
9782353831821,
9782353831845,2353831842
9782353831852,2353831850
9782353832118,
9782353832125,
9782353832132,
9782353890019,2353890016
9782353890026,2353890024
9782353890064,2353890067
9782353890095,2353890091
9782353890118,2353890113
9782353890125,2353890121
9782353890149,2353890148
9782353890156,2353890156
9782353890170,2353890172
9782353890187,2353890180
9782353890194,
9782353890200,2353890202
9782353890392,2353890393
9782353890569,2353890563
9782353890859,2353890857
9782353890880,2353890881
9782353890903,2353890903
9782353890910,2353890911
9782353890927,
9782353890934,
9782353890941,2353890946
9782353890965,2353890962
9782353890996,2353890997
9782353891009,2353891004
9782353891016,2353891012
9782353891030,2353891039
9782353891054,2353891055
9782353891061,2353891063
9782353891085,235389108X
9782353891108,2353891101
9782353891146,2353891144
9782353891177,2353891179
9782353891184,2353891187
9782353891191,2353891195
9782353891207,2353891209
9782353891245,2353891241
9782353891252,235389125X
9782353891269,2353891268
9782353891320,2353891322
9782353891337,2353891330
9782353891344,2353891349
9782353891351,2353891357
9782353891368,
9782353891375,2353891373
9782353891436,2353891438
9782353891443,2353891446
9782353891450,2353891454
9782353891467,2353891462
9782353891474,2353891470
9782353891481,2353891489
9782353891498,2353891497
9782353891511,2353891519
9782353891528,2353891527
9782353891559,2353891551
9782353891566,235389156X
9782353891580,2353891586
9782353891641,2353891640
9782353891658,2353891659
9782353891689,
9782353891719,2353891713
9782353891757,2353891756
9782353891764,2353891764
9782353891771,2353891772
9782353891863,2353891861
9782353891870,235389187X
9782353891887,
9782353891894,2353891896
9782353891900,235389190X
9782353891931,
9782353891979,
9782353891986,2353891985
9782353892006,
9782353892051,2353892051
9782353892068,235389206X
9782353892082,2353892086
9782353892112,2353892116
9782353892129,2353892124
9782353892167,2353892167
9782353892174,2353892175
9782353892181,2353892183
9782353892440,2353892442
9782353892457,2353892450
9782353892464,2353892469
9782353892563,2353892566
9782353892600,2353892604
9782353892617,2353892612
9782353892662,
9782353892686,235389268X
9782353892693,2353892698
9782353892730,2353892736
9782353892747,2353892744
9782353892792,2353892795
9782353892808,2353892809
9782353892822,2353892825
9782353892846,2353892841
9782353892860,2353892868
9782353893256,2353893252
9782353893263,2353893260
9782353893393,2353893392
9782353893409,2353893406
9782353893461,2353893465
9782353893607,2353893600
9782353893621,2353893627
9782353893645,2353893643
9782353893669,235389366X
9782353893683,2353893686
9782353894017,2353894011
9782353894031,
9782353894048,2353894046
9782353894079,2353894070
9782353894215,2353894216
9782353895304,2353895301
9782353895519,
9782353895588,2353895581
9782353895595,235389559X
9782353895601,
9782353895625,235389562X
9782353895649,
9782353895687,
9782353895700,
9782353895724,2353895727
9782353895748,2353895743
9782353895762,
9782353895779,2353895778
9782353895816,2353895816
9782353895823,
9782353895830,2353895832
9782353896493,2353896499
9782353896943,2353896944
9782353897025,
9782353897124,2353897126
9782353897148,2353897142
9782353897162,2353897169
9782353897209,
9782353897223,
9782353897230,2353897231
9782353897254,
9782353897261,2353897266
9782353897285,2353897282
9782353897308,2353897304
9782353897322,2353897320
9782353897339,
9782353897377,
9782353897391,2353897398
9782353897438,2353897436
9782353897445,
9782353897452,2353897452
9782353897476,
9782353897490,2353897495
9782353897506,2353897509
9782353897544,2353897541
9782353897575,
9782353897599,2353897592
9782353897612,2353897614
9782353897650,2353897657
9782353897698,235389769X
9782353897711,2353897711
9782353897735,2353897738
9782353897742,2353897746
9782353897759,2353897754
9782353897773,
9782353897780,2353897789
9782353897803,
9782353897827,
9782353897841,
9782353897858,
9782353897872,
9782353897896,
9782353897919,2353897916
9782353897933,
9782353897957,2353897959
9782353897971,
9782353898015,
9782353898039,
9782353898053,235389805X
9782353898077,2353898076
9782353898091,2353898092
9782353898114,2353898114
9782353898138,2353898130
9782353898152,
9782353898176,2353898173
9782353898190,
9782353898213,
9782353898237,2353898238
9782353898275,
9782353898282,
9782353898299,2353898297
9782353898305,
9782353898312,2353898319
9782353898336,
9782353898350,
9782353898374,
9782353898381,
9782353898398,
9782353898411,2353898416
9782353898459,
9782353898497,
9782353898558,
9782353898572,
9782353898619,
9782353898633,
9782353898640,2353898645
9782353898701,235389870X
9782353898749,2353898742
9782353898787,2353898785
9782353898800,2353898807
9782353898824,
9782353898879,
9782353898893,
9782353898923,2353898920
9782353898961,2353898963
9782353898985,
9782353899029,
9782353899081,
9782353899111,
9782353899197,
9782353899227,
9782353899241,
9782353899289,
9782353899296,
9782353899302,
9782353899319,
9782353899333,
9782353910083,2353910084
9782353910106,
9782353910113,2353910114
9782353910120,2353910122
9782353910137,2353910130
9782353910144,
9782353910175,2353910173
9782353910212,
9782353910229,
9782353910274,2353910270
9782353910281,2353910289
9782353910335,
9782353910403,2353910408
9782353910496,
9782353910526,2353910521
9782353910540,2353910548
9782353910557,2353910556
9782353910588,2353910580
9782353910632,
9782353911394,2353911390
9782353911431,
9782353911486,235391148X
9782353990108,235399010X
9782353990122,2353990126
9782353990139,2353990134
9782353990146,2353990142
9782354030018,2354030010
9782354030094,2354030096
9782354030148,
9782354030179,2354030177
9782354030186,2354030185
9782354030278,2354030274
9782354030292,2354030290
9782354030339,2354030339
9782354030377,2354030371
9782354030469,2354030460
9782354030483,2354030487
9782354030506,2354030509
9782354030513,2354030517
9782354030544,2354030541
9782354030551,235403055X
9782354030612,2354030614
9782354030629,2354030622
9782354030636,2354030630
9782354030674,2354030673
9782354030711,2354030711
9782354030735,2354030738
9782354030759,2354030754
9782354030766,2354030762
9782354030773,2354030770
9782354030780,2354030789
9782354030797,2354030797
9782354030810,2354030819
9782354030841,2354030843
9782354030858,2354030851
9782354030865,235403086X
9782354030872,2354030878
9782354030889,2354030886
9782354030902,2354030908
9782354030919,2354030916
9782354030926,2354030924
9782354030933,2354030932
9782354030940,2354030940
9782354031039,2354031033
9782354031077,2354031076
9782354031107,2354031106
9782354031145,2354031149
9782354031763,2354031769
9782354031770,2354031777
9782354031824,2354031823
9782354031831,2354031831
9782354031848,235403184X
9782354031855,2354031858
9782354031862,2354031866
9782354031886,2354031882
9782354031916,2354031912
9782354031923,2354031920
9782354031930,2354031939
9782354031985,235403198X
9782354031992,2354031998
9782354032012,2354032013
9782354032029,2354032021
9782354032067,2354032064
9782354032166,2354032161
9782354032173,235403217X
9782354032234,2354032234
9782354032272,2354032277
9782354032319,2354032315
9782354032326,2354032323
9782354032333,2354032331
9782354032340,235403234X
9782354032357,2354032358
9782354032449,2354032447
9782354032487,235403248X
9782354032531,2354032536
9782354032562,2354032560
9782354032586,2354032587
9782354032593,2354032595
9782354032616,2354032617
9782354032630,2354032633
9782354032647,2354032641
9782354032654,235403265X
9782354032678,2354032676
9782354032685,2354032684
9782354032692,2354032692
9782354032722,
9782354032739,2354032730
9782354032753,2354032757
9782354032760,
9782354032784,
9782354032807,2354032803
9782354032814,2354032811
9782354032821,235403282X
9782354032845,2354032846
9782354032852,2354032854
9782354032869,2354032862
9782354032890,2354032897
9782354040055,2354040059
9782354040147,2354040148
9782354040185,2354040180
9782354040208,2354040202
9782354040215,2354040210
9782354040239,2354040237
9782354040246,2354040245
9782354040253,2354040253
9782354040260,2354040261
9782354040277,235404027X
9782354040284,2354040288
9782354040291,2354040296
9782354040376,2354040377
9782354040383,2354040385
9782354040390,2354040393
9782354040413,2354040415
9782354040437,2354040431
9782354040444,
9782354040451,
9782354040475,2354040474
9782354040482,2354040482
9782354040512,2354040512
9782354040529,2354040520
9782354040536,2354040539
9782354040697,
9782354040802,2354040806
9782354040819,2354040814
9782354040833,2354040830
9782354040840,
9782354040857,
9782354040864,
9782354040871,
9782354040888,
9782354040895,
9782354040901,
9782354040918,
9782354040925,
9782354040932,
9782354080976,2354080972
9782354081072,2354081073
9782354081195,2354081197
9782354081218,
9782354081331,2354081332
9782354081379,2354081375
9782354081591,2354081596
9782354081614,2354081618
9782354081669,2354081669
9782354081676,2354081677
9782354081720,2354081723
9782354081768,2354081766
9782354081799,2354081790
9782354081829,2354081820
9782354082055,2354082053
9782354082093,2354082096
9782354082178,2354082177
9782354082185,2354082185
9782354082789,2354082789
9782354082826,2354082827
9782354082840,2354082843
9782354082888,2354082886
9782354083298,2354083297
9782354085117,2354085117
9782354085124,2354085125
9782354085148,2354085141
9782354085155,235408515X
9782354085285,2354085281
9782354085315,2354085311
9782354085360,2354085362
9782354085735,
9782354085896,
9782354086657,
9782354086916,2354086911
9782354086961,2354086962
9782354087043,2354087047
9782354087074,2354087071
9782354087081,235408708X
9782354087098,2354087098
9782354087197,
9782354087203,2354087209
9782354087210,2354087217
9782354087227,
9782354087234,2354087233
9782354087296,
9782354087319,2354087314
9782354087357,2354087357
9782354087364,2354087365
9782354087371,2354087373
9782354087401,2354087403
9782354087418,
9782354087425,
9782354087432,2354087438
9782354087470,2354087470
9782354087487,2354087489
9782354087494,
9782354087500,
9782354087517,
9782354087524,
9782354087531,2354087535
9782354087685,
9782354087692,2354087691
9782354087708,
9782354087715,2354087713
9782354087722,2354087721
9782354087739,235408773X
9782354087746,
9782354087753,2354087756
9782354087791,
9782354087807,
9782354087814,
9782354087821,2354087829
9782354087838,2354087837
9782354087845,2354087845
9782354087852,
9782354087869,
9782354087876,235408787X
9782354087883,2354087888
9782354087906,235408790X
9782354087913,2354087918
9782354087937,2354087934
9782354087944,2354087942
9782354087968,
9782354087975,
9782354087982,2354087985
9782354087999,2354087993
9782354088002,2354088000
9782354088026,
9782354088033,
9782354088040,2354088043
9782354088057,
9782354088071,
9782354088088,2354088086
9782354088125,
9782354088279,
9782354088286,
9782354088347,
9782354088378,
9782354088408,
9782354088415,
9782354088422,2354088426
9782354088453,
9782354088477,2354088477
9782354089054,
9782354089061,
9782354089078,
9782354089146,
9782354089153,
9782354089160,
9782354089177,
9782354089184,
9782354100315,
9782354100360,
9782354100407,235410040X
9782354100575,
9782354120481,2354120486
9782354120511,2354120516
9782354120672,2354120672
9782354120696,2354120699
9782354120719,2354120710
9782354120733,2354120737
9782354120757,2354120753
9782354120764,2354120761
9782354120771,235412077X
9782354120788,2354120788
9782354120795,2354120796
9782354120818,2354120818
9782354121242,2354121245
9782354121273,235412127X
9782354121280,2354121288
9782354121297,2354121296
9782354121327,2354121326
9782354121334,2354121334
9782354121358,2354121350
9782354121372,2354121377
9782354121396,2354121393
9782354121419,2354121415
9782354121426,2354121423
9782354121433,2354121431
9782354121464,2354121466
9782354121471,2354121474
9782354121518,2354121512
9782354121532,2354121539
9782354121624,2354121628
9782354121631,2354121636
9782354121648,2354121644
9782354121655,2354121652
9782354121662,2354121660
9782354121709,2354121709
9782354121822,2354121822
9782354121853,2354121857
9782354121860,2354121865
9782354121877,2354121873
9782354121907,2354121903
9782354122317,2354122314
9782354122348,2354122349
9782354123291,2354123299
9782354123352,2354123353
9782354123383,2354123388
9782354123413,2354123418
9782354123468,2354123469
9782354123581,2354123582
9782354123598,2354123590
9782354123628,2354123620
9782354124267,2354124260
9782354124311,2354124317
9782354124328,2354124325
9782354124380,
9782354124397,
9782354124403,
9782354124410,
9782354124427,
9782354124434,
9782354130961,2354130961
9782354131043,2354131046
9782354131081,2354131089
9782354131104,2354131100
9782354131135,2354131135
9782354131166,235413116X
9782354131180,2354131186
9782354131203,2354131208
9782354131241,2354131240
9782354131319,2354131313
9782354131340,2354131348
9782354131388,2354131380
9782354131432,2354131437
9782354131463,2354131461
9782354131470,235413147X
9782354131487,2354131488
9782354131494,2354131496
9782354131524,2354131526
9782354131531,2354131534
9782354131548,2354131542
9782354131555,2354131550
9782354131562,2354131569
9782354131616,2354131615
9782354131630,2354131631
9782354131661,2354131666
9782354131685,2354131682
9782354131715,2354131712
9782354131722,2354131720
9782354131739,2354131739
9782354131777,2354131771
9782354131784,235413178X
9782354131821,2354131828
9782354132118,2354132115
9782354132125,2354132123
9782354132149,235413214X
9782354132163,2354132166
9782354132187,2354132182
9782354132194,2354132190
9782354132224,2354132220
9782354132248,2354132247
9782354132255,2354132255
9782354132279,2354132271
9782354132286,235413228X
9782354132293,2354132298
9782354132309,2354132301
9782354132323,2354132328
9782354132415,2354132417
9782354132422,2354132425
9782354132439,2354132433
9782354132446,2354132441
9782354132453,235413245X
9782354132460,2354132468
9782354132477,2354132476
9782354132521,2354132522
9782354132538,2354132530
9782354132576,2354132573
9782354132637,2354132638
9782354132644,2354132646
9782354132682,2354132689
9782354132699,2354132697
9782354133467,2354133464
9782354134204,2354134207
9782354134235,2354134231
9782354134242,235413424X
9782354134259,2354134258
9782354134327,2354134320
9782354134334,2354134339
9782354134341,2354134347
9782354134372,2354134371
9782354134389,235413438X
9782354134402,2354134401
9782354134426,2354134428
9782354134433,2354134436
9782354134440,2354134444
9782354134457,2354134452
9782354134464,2354134460
9782354134495,2354134495
9782354134501,2354134509
9782354134532,2354134533
9782354134549,2354134541
9782354134556,235413455X
9782354134563,2354134568
9782354134570,2354134576
9782354134587,2354134584
9782354134594,2354134592
9782354134600,2354134606
9782354134617,2354134614
9782354134624,2354134622
9782354134631,2354134630
9782354134648,2354134649
9782354134655,2354134657
9782354134662,2354134665
9782354134679,2354134673
9782354134686,2354134681
9782354134693,235413469X
9782354134709,2354134703
9782354134716,2354134711
9782354134723,235413472X
9782354134747,2354134746
9782354134754,2354134754
9782354134761,2354134762
9782354134778,2354134770
9782354134785,2354134789
9782354134792,
9782354134808,
9782354134815,2354134819
9782354134822,2354134827
9782354134839,
9782354134846,2354134843
9782354134853,2354134851
9782354134860,
9782354134877,
9782354134884,
9782354134891,2354134894
9782354134907,
9782354134914,
9782354134921,2354134924
9782354134938,
9782354134945,2354134940
9782354134952,
9782354134969,
9782354134976,2354134975
9782354134983,2354134983
9782354134990,
9782354135003,
9782354135010,2354135017
9782354135027,
9782354135034,2354135033
9782354135041,
9782354135058,
9782354135065,2354135068
9782354135072,
9782354135089,
9782354135096,2354135092
9782354135102,
9782354135119,
9782354135126,
9782354135133,2354135130
9782354135140,2354135149
9782354135157,2354135157
9782354135164,2354135165
9782354135171,
9782354135188,
9782354135195,
9782354135201,
9782354135218,
9782354135225,
9782354135232,
9782354135249,
9782354135256,2354135254
9782354135263,2354135262
9782354135270,
9782354135287,
9782354135294,
9782354135317,
9782354135324,
9782354135331,
9782354135348,
9782354140151,2354140150
9782354140229,2354140223
9782354140403,2354140401
9782354140472,
9782354140502,2354140509
9782354140526,2354140525
9782354140533,2354140533
9782354140557,235414055X
9782354140588,2354140584
9782354140595,2354140592
9782354140601,2354140606
9782354140632,2354140630
9782354140687,2354140681
9782354140694,235414069X
9782354140700,
9782354140717,2354140711
9782354140748,
9782354140755,2354140754
9782354140762,2354140762
9782354140779,2354140770
9782354140793,2354140797
9782354140809,2354140800
9782354140816,2354140819
9782354140854,2354140851
9782354140861,
9782354140878,2354140878
9782354140892,
9782354140922,
9782354141004,
9782354141011,
9782354141035,
9782354141134,2354141130
9782354160333,235416033X
9782354160364,2354160364
9782354160401,2354160402
9782354160418,2354160410
9782354160470,235416047X
9782354160487,2354160488
9782354160500,235416050X
9782354160524,2354160526
9782354160531,2354160534
9782354160555,2354160550
9782354160685,2354160682
9782354160760,2354160763
9782354160784,235416078X
9782354160906,2354160909
9782354160944,2354160941
9782354160951,235416095X
9782354160968,2354160968
9782354160975,
9782354190408,2354190409
9782354190439,2354190433
9782354190446,2354190441
9782354190477,2354190476
9782354190484,2354190484
9782354190491,2354190492
9782354190514,2354190514
9782354190521,2354190522
9782354190538,2883401411
9782354190552,2354190557
9782354190569,2354190565
9782354190613,2354190611
9782354190637,2354190638
9782354190644,2354190646
9782354190651,2354190654
9782354190675,2354190670
9782354190699,2354190697
9782354190712,2354190719
9782354190910,2354190913
9782354191016,
9782354191023,2354191022
9782354191030,2354191030
9782354191047,2354191049
9782354191054,2354191057
9782354191061,2354191065
9782354191078,2354191073
9782354191092,
9782354191115,
9782354191122,
9782354191139,2354191138
9782354191146,
9782354191153,
9782354191160,
9782354221874,2354221878
9782354260453,2354260458
9782354260477,2354260474
9782354260491,2354260490
9782354260712,2354260717
9782354260729,2354260725
9782354260736,2354260733
9782354270124,2354270127
9782354270148,2354270143
9782354270155,2354270151
9782354270162,235427016X
9782354270179,2354270178
9782354270186,2354270186
9782354270193,2354270194
9782354270209,2354270208
9782354270216,2354270216
9782354270223,2354270224
9782354270230,2354270232
9782354270247,2354270240
9782354270254,2354270259
9782354270261,2354270267
9782354270285,2354270283
9782354270568,2354270569
9782354270582,2354270585
9782354270599,2354270593
9782354270605,2354270607
9782354270612,2354270615
9782354270629,2354270623
9782354270636,2354270631
9782354270643,235427064X
9782354270667,2354270666
9782354270698,2354270690
9782354271886,2354271883
9782354271909,2354271905
9782354271916,2354271913
9782354271923,2354271921
9782354271930,235427193X
9782354271947,2354271948
9782354271954,2354271956
9782354271961,2354271964
9782354271978,2354271972
9782354271985,2354271980
9782354271992,2354271999
9782354275006,2354275005
9782354275013,
9782354275020,
9782354275037,235427503X
9782354275068,
9782354275075,
9782354280116,2354280114
9782354280277,2354280270
9782354280291,2354280297
9782354280314,2354280319
9782354280321,2354280327
9782354280345,2354280343
9782354280352,2354280351
9782354280376,2354280378
9782354280390,2354280394
9782354280406,2354280408
9782354280420,2354280424
9782354280437,2354280432
9782354280444,2354280440
9782354280451,2354280459
9782354280468,2354280467
9782354280475,2354280475
9782354280505,2354280505
9782354280512,2354280513
9782354280536,235428053X
9782354280543,2354280548
9782354280550,2354280556
9782354280567,2354280564
9782354280574,2354280572
9782354280598,2354280599
9782354280604,2354280602
9782354280611,2354280610
9782354280628,2354280629
9782354280635,2354280637
9782354280642,2354280645
9782354280659,2354280653
9782354280666,2354280661
9782354280680,2354280688
9782354280697,2354280696
9782354280741,2354280742
9782354280758,2354280750
9782354280765,2354280769
9782354280772,2354280777
9782354280789,2354280785
9782354280796,2354280793
9782354280802,2354280807
9782354280819,2354280815
9782354280826,2354280823
9782354280833,2354280831
9782354280840,235428084X
9782354280857,2354280858
9782354280864,2354280866
9782354280871,2354280874
9782354280888,2354280882
9782354280918,2354280912
9782354281090,2354281099
9782354281120,2354281129
9782354281373,2354281374
9782354281380,2354281382
9782354281397,2354281390
9782354281441,2354281447
9782354281465,2354281463
9782354281472,2354281471
9782354281489,235428148X
9782354281496,2354281498
9782354281502,2354281501
9782354281519,235428151X
9782354281533,2354281536
9782354281540,
9782354281564,2354281560
9782354281571,2354281579
9782354281588,
9782354281595,2354281595
9782354281601,2354281609
9782354281618,2354281617
9782354281625,2354281625
9782354281632,2354281633
9782354281649,
9782354281656,
9782354281663,
9782354281670,
9782354281694,
9782354281700,
9782354281717,
9782354281724,2354281722
9782354281731,
9782354320416,2354320418
9782354320492,2354320493
9782354320508,2354320507
9782354320515,2354320515
9782354320522,2354320523
9782354320652,2354320655
9782354320669,2354320663
9782354320737,2354320736
9782354320768,2354320760
9782354320782,2354320787
9782354320805,2354320809
9782354320829,2354320825
9782354320843,2354320841
9782354320867,2354320868
9782354321024,2354321023
9782354321055,2354321058
9782354321086,2354321082
9782354321093,2354321090
9782354321109,2354321104
9782354321116,2354321112
9782354321215,235432121X
9782354321246,2354321244
9782354321307,2354321309
9782354321321,2354321325
9782354321338,2354321333
9782354321352,235432135X
9782354321376,2354321376
9782354321413,2354321414
9782354322045,2354322046
9782354322052,2354322054
9782354322090,2354322097
9782354322182,2354322186
9782354322205,2354322208
9782354322236,2354322232
9782354322335,235432233X
9782354322342,2354322348
9782354322366,2354322364
9782354322373,2354322372
9782354322380,2354322380
9782354322403,2354322402
9782354322410,2354322410
9782354322434,2354322437
9782354322458,2354322453
9782354322465,2354322461
9782354322489,2354322488
9782354322496,2354322496
9782354322526,2354322526
9782354322533,
9782354322540,2354322542
9782354322557,2354322550
9782354322564,
9782354322571,
9782354322595,
9782354322601,
9782354322618,
9782354323134,2354323131
9782354323165,2354323166
9782354323172,2354323174
9782354323189,2354323182
9782354323196,2354323190
9782354323219,2354323212
9782354323226,2354323220
9782354323233,2354323239
9782354323240,2354323247
9782354323257,2354323255
9782354323264,2354323263
9782354323288,235432328X
9782354323295,2354323298
9782354323301,2354323301
9782354323318,235432331X
9782354323325,2354323328
9782354323349,2354323344
9782354323356,2354323352
9782354323370,2354323379
9782354323387,
9782354323394,
9782354323400,
9782354323417,
9782354323424,
9782354390174,2354390173
9782354390235,2354390238
9782354390242,2354390246
9782354390266,2354390262
9782354390280,2354390289
9782354390310,2354390319
9782354390365,235439036X
9782354390372,2354390378
9782354390389,2354390386
9782354390396,2354390394
9782354390402,2354390408
9782354390419,2354390416
9782354390433,2354390432
9782354390440,2354390440
9782354390457,2354390459
9782354390488,2354390483
9782354390495,2354390491
9782354390518,2354390513
9782354390532,235439053X
9782354390549,2354390548
9782354390556,2354390556
9782354390570,2354390572
9782354390587,2354390580
9782354390624,2354390629
9782354390648,2354390645
9782354390655,2354390653
9782354390662,2354390661
9782354390808,2354390807
9782354390846,
9782354390952,2354390955
9782354390969,
9782354390976,
9782354390983,235439098X
9782354391003,
9782354391010,2354391013
9782354391041,
9782354391058,
9782354430740,2354430744
9782354430993,235443099X
9782354480035,2354480032
9782354480066,2354480067
9782354480073,
9782354480080,
9782354480103,
9782354480110,
9782354480127,
9782354480134,235448013X
9782354480141,2354480148
9782354480158,
9782354480165,2354480164
9782354480172,2354480172
9782354480189,2354480180
9782354480196,2354480199
9782354480219,2354480210
9782354480226,
9782354480295,2354480296
9782354480356,2354480350
9782354480363,2354480369
9782354480462,
9782354480479,
9782354490171,2354490178
9782354490188,2354490186
9782354490195,2354490194
9782354490201,2354490208
9782354490218,2354490216
9782354490225,2354490224
9782354490232,2354490232
9782354490249,2354490240
9782354490263,2354490267
9782354490270,2354490275
9782354490287,2354490283
9782354490294,2354490291
9782354490300,2354490305
9782354490317,2354490313
9782354490331,235449033X
9782354490355,2354490356
9782354490454,2354490453
9782354490478,235449047X
9782354490515,2354490518
9782354490713,2354490712
9782354490720,2354490720
9782354490751,2354490755
9782354490928,2354490925
9782354490935,
9782354490966,2354490968
9782354490980,
9782354490997,
9782354491000,
9782354491017,2354491018
9782354501495,2354501498
9782354501501,2354501501
9782354501785,2354501781
9782354501846,2354501846
9782354501853,2354501854
9782354502201,2354502206
9782354502218,2354502214
9782354510336,2354510330
9782354510343,2354510349
9782354510374,
9782354510398,
9782354510404,2354510403
9782354510435,
9782354510541,2354510543
9782354510619,
9782354510657,
9782354510671,
9782354510688,2354510683
9782354510756,
9782354510800,
9782354510893,2354510896
9782354510909,235451090X
9782354510947,
9782354510954,
9782354511050,2354511051
9782354511074,2354511078
9782354511081,
9782354511098,
9782354511104,
9782354511128,
9782354511135,
9782354512132,
9782354512217,
9782354512255,
9782354512361,
9782354512392,
9782354512415,2354512414
9782354512439,
9782354512453,
9782354512583,
9782354530013,
9782354530037,
9782354530150,
9782354530204,
9782354530228,
9782354530242,
9782354530273,
9782354530327,
9782354530358,
9782354530372,
9782354530389,
9782354530396,
9782354530419,
9782354530440,
9782354530457,
9782354530464,
9782354530488,
9782354530518,
9782354530525,
9782354540005,2354540000
9782354540012,2354540019
9782354540029,2354540027
9782354540036,2354540035
9782354540050,2354540051
9782354540067,
9782354540074,
9782354540081,
9782354540104,2354540108
9782354540319,
9782354540449,2354540442
9782354540456,
9782354540463,2354540469
9782354540470,2354540477
9782354540487,
9782354540517,2354540515
9782354540555,
9782354540562,2354540566
9782354540593,
9782354540609,
9782354550011,2354550014
9782354550028,
9782354550035,2354550030
9782354550042,2354550049
9782354550059,2354550057
9782354550073,2354550073
9782354550080,
9782354550103,2354550103
9782354550110,2354550111
9782354550127,235455012X
9782354550134,2354550138
9782354550141,2354550146
9782354550196,2354550197
9782354550202,
9782354550226,2354550227
9782354550233,2354550235
9782354550257,
9782354550271,2354550278
9782354550288,2354550286
9782354550301,
9782354550325,2354550324
9782354550332,
9782354550349,2354550340
9782354550356,
9782354550363,2354550367
9782354550387,2354550383
9782354550394,
9782354550400,
9782354550417,
9782354550431,
9782354550448,
9782354560164,2354560168
9782354560225,2354560222
9782354560287,2354560281
9782354560324,235456032X
9782354560348,2354560346
9782354560379,2354560370
9782354560393,2354560397
9782354560416,2354560419
9782354560423,2354560427
9782354560508,2354560508
9782354560836,2354560834
9782354560850,2354560850
9782354560911,2354560915
9782354560973,2354560974
9782354561086,2354561083
9782354561147,2354561148
9782354561239,2354561237
9782354561260,2354561261
9782354561291,2354561296
9782354561994,2354561997
9782354562458,2354562454
9782354562489,2354562489
9782354562816,2354562810
9782354563165,
9782354563400,235456340X
9782354563417,
9782354563431,2354563434
9782354563462,2354563469
9782354563479,2354563477
9782354563493,2354563493
9782354563509,
9782354563523,2354563523
9782354563530,
9782354563561,
9782354563585,2354563582
9782354563615,2354563612
9782354563677,2354563671
9782354563707,2354563701
9782354563769,2354563760
9782354563790,2354563795
9782354563820,2354563825
9782354563851,235456385X
9782354563882,2354563884
9782354563912,2354563914
9782354563943,2354563949
9782354563974,2354563973
9782354564001,2354564007
9782354564032,2354564031
9782354564063,2354564066
9782354564094,2354564090
9782354564124,2354564120
9782354564155,
9782354564216,235456421X
9782354564247,
9782354564278,2354564279
9782354564308,2354564309
9782354564339,2354564333
9782354564360,2354564368
9782354564377,
9782354564391,
9782354564421,2354564422
9782354564438,
9782354564483,2354564481
9782354564490,235456449X
9782354564513,2354564511
9782354564544,2354564546
9782354564568,2354564562
9782354564650,2354564651
9782354570439,2354570430
9782354570675,2354570678
9782354571436,
9782354580001,
9782354580018,2354580010
9782354580025,
9782354580056,
9782354580063,2354580061
9782354580070,235458007X
9782354580087,
9782354580094,
9782354580100,
9782354580117,
9782354580131,
9782354580148,
9782354580162,
9782354580179,2354580177
9782354580216,
9782354580247,235458024X
9782354580254,
9782354580278,
9782354580322,
9782354580353,2354580355
9782354580445,
9782354580452,
9782354610081,2354610084
9782354610098,2354610092
9782354610104,2354610106
9782354610111,2354610114
9782354610128,2354610122
9782354610135,2354610130
9782354610142,2354610149
9782354610166,2354610165
9782354610173,2354610173
9782354610180,2354610181
9782354610197,235461019X
9782354610203,2354610203
9782354610210,2354610211
9782354610234,2354610238
9782354610241,2354610246
9782354610265,2354610262
9782354610272,2354610270
9782354610296,2354610297
9782354610319,2354610319
9782354610333,2354610335
9782354610340,2354610343
9782354610449,2354610440
9782354610463,2354610467
9782354610494,2354610491
9782354610517,2354610513
9782354610524,2354610521
9782354610548,2354610548
9782354610555,2354610556
9782354610562,2354610564
9782354610586,2354610580
9782354610593,2354610599
9782354610609,2354610602
9782354610623,2354610629
9782354610630,2354610637
9782354610654,2354610653
9782354610661,2354610661
9782354610678,235461067X
9782354610692,2354610696
9782354610982,235461098X
9782354611040,2354611048
9782354611071,2354611072
9782354611088,2354611080
9782354611101,2354611102
9782354611583,2354611587
9782354611606,
9782354611620,2354611625
9782354611651,235461165X
9782354611675,2354611676
9782354611699,2354611692
9782354611712,2354611714
9782354611729,2354611722
9782354611743,2354611749
9782354611774,2354611773
9782354611798,235461179X
9782354611811,2354611811
9782354611842,2354611846
9782354611859,2354611854
9782354611873,2354611870
9782354611897,
9782354611910,
9782354611934,
9782354612061,
9782354670450,2354670451
9782354670603,
9782354670610,
9782354670634,
9782354670696,
9782354670726,
9782354670733,
9782354670757,2354670753
9782354670788,2354670788
9782354670818,
9782354670863,2354670869
9782354670870,2354670877
9782354670894,2354670893
9782354670948,
9782354670962,
9782354670986,
9782354671099,2354671091
9782354671105,
9782354671143,
9782354671167,
9782354720179,
9782354720667,2354720661
9782354720728,2354720726
9782354721008,
9782354721039,
9782354721046,2354721048
9782354721060,
9782354721091,
9782354721114,2354721110
9782354721121,2354721129
9782354721145,2354721145
9782354721152,2354721153
9782354721206,235472120X
9782354721213,2354721218
9782354721220,
9782354721237,2354721234
9782354721251,2354721250
9782354721268,2354721269
9782354721275,
9782354721282,
9782354721305,
9782354721329,2354721323
9782354721336,2354721331
9782354721350,
9782354721367,2354721366
9782354721381,2354721382
9782354721398,2354721390
9782354721404,2354721404
9782354721411,2354721412
9782354721459,2354721455
9782354721466,
9782354721480,235472148X
9782354721503,
9782354721534,2354721536
9782354721541,2354721544
9782354721558,2354721552
9782354721589,
9782354721619,2354721617
9782354721626,2354721625
9782354721633,2354721633
9782354721640,
9782354721657,235472165X
9782354721664,
9782354721671,2354721676
9782354721695,2354721692
9782354721701,
9782354721718,2354721714
9782354721732,2354721730
9782354721770,2354721773
9782354721817,2354721811
9782354721824,
9782354721848,
9782354722005,2354722001
9782354722012,
9782354722029,
9782354722036,
9782354722081,
9782354722104,
9782354722173,2354722176
9782354722180,2354722184
9782354722197,2354722192
9782354722227,2354722222
9782354722234,2354722230
9782354722265,2354722265
9782354722425,
9782354722586,
9782354722609,
9782354722616,2354722613
9782354722623,
9782354722630,
9782354722647,
9782354722654,2354722656
9782354722678,
9782354722715,
9782354722722,2354722729
9782354722753,
9782354740818,2354740816
9782354740948,2354740948
9782354740979,2354740972
9782354740986,2354740980
9782354741235,2354741235
9782354741297,2354741294
9782354741310,2354741316
9782354741327,2354741324
9782354741549,2354741545
9782354741556,2354741553
9782354741563,2354741561
9782354741587,2354741588
9782354741617,2354741618
9782354741648,2354741642
9782354741655,2354741650
9782354741679,2354741677
9782354741709,2354741707
9782354741730,2354741731
9782354741747,235474174X
9782354741853,2354741855
9782354742423,2354742428
9782354742430,2354742436
9782354742515,2354742517
9782354742539,
9782354742546,
9782354742768,2354742762
9782354743055,235474305X
9782354743284,
9782354743291,2354743297
9782354743307,
9782354743314,
9782354743345,
9782354743352,2354743351
9782354743369,235474336X
9782354743376,
9782354743413,2354743416
9782354743468,
9782354743536,
9782354743550,2354743556
9782354743567,
9782354743574,
9782354743581,
9782354743598,
9782354743611,
9782354743628,
9782354743642,
9782354743659,
9782354743666,
9782354743680,
9782354743703,
9782354743710,
9782354743741,
9782354743765,
9782354743772,
9782354750206,
9782354750299,
9782354750367,
9782354750466,
9782354750480,
9782354750732,2354750730
9782354750749,
9782354751104,
9782354751340,
9782354751395,
9782354751425,
9782354751449,
9782354751456,
9782354751463,
9782354751487,
9782354751555,
9782354751562,
9782354780470,2354780478
9782354780494,
9782354780517,2354780516
9782354780524,2354780524
9782354780555,
9782354790936,2354790937
9782354791018,
9782354791025,235479102X
9782354791032,2354791038
9782354791056,2354791054
9782354791070,
9782354791100,2354791100
9782354791162,235479116X
9782354791230,2354791232
9782354791254,2354791259
9782354791261,
9782354791292,2354791291
9782354791315,2354791313
9782354791322,2354791321
9782354791339,235479133X
9782354791346,2354791348
9782354791353,
9782354791360,2354791364
9782354791377,
9782354791384,2354791380
9782354791391,2354791399
9782354791421,2354791429
9782354791438,2354791437
9782354791445,2354791445
9782354791452,2354791453
9782354791469,2354791461
9782354791476,
9782354791483,2354791488
9782354791490,2354791496
9782354791506,235479150X
9782354791513,2354791518
9782354791537,2354791534
9782354791544,2354791542
9782354791551,2354791550
9782354791568,2354791569
9782354791599,2354791593
9782354791605,2354791607
9782354791612,2354791615
9782354791629,2354791623
9782354791636,2354791631
9782354791650,
9782354791667,2354791666
9782354791674,2354791674
9782354791681,
9782354791698,2354791690
9782354791704,2354791704
9782354791711,2354791712
9782354791728,2354791720
9782354791742,2354791747
9782354791759,2354791755
9782354791780,
9782354791797,
9782354791841,
9782354791933,2354791933
9782354791971,2354791976
9782354792008,235479200X
9782354792046,
9782354792077,2354792077
9782354793524,2354793529
9782354793821,
9782354795078,
9782354795085,
9782354800079,235480007X
9782354800345,
9782354800727,235480072X
9782354800734,2354800738
9782354800741,2354800746
9782354800789,2354800789
9782354800796,2354800797
9782354800802,2354800800
9782354800833,2354800835
9782354800840,2354800843
9782354800857,2354800851
9782354800864,235480086X
9782354800888,2354800886
9782354800949,2354800940
9782354800956,2354800959
9782354800963,2354800967
9782354800987,2354800983
9782354801021,2354801025
9782354801038,
9782354801045,2354801041
9782354801052,235480105X
9782354801069,
9782354801076,2354801076
9782354801090,2354801092
9782354801106,2354801106
9782354801113,2354801114
9782354801120,2354801122
9782354801137,2354801130
9782354801144,2354801149
9782354801151,2354801157
9782354801175,2354801173
9782354801243,2354801246
9782354801274,2354801270
9782354801298,2354801297
9782354801304,2354801300
9782354801311,2354801319
9782354801335,2354801335
9782354801342,2354801343
9782354801359,2354801351
9782354801380,2354801386
9782354801397,2354801394
9782354801403,2354801408
9782354801410,2354801416
9782354801427,2354801424
9782354801441,2354801440
9782354801458,2354801459
9782354801465,2354801467
9782354801472,2354801475
9782354801557,2354801556
9782354801816,
9782354801854,2354801858
9782354801861,
9782354801878,2354801874
9782354801885,2354801882
9782354801892,2354801890
9782354801908,2354801904
9782354801915,2354801912
9782354801922,2354801920
9782354801946,2354801947
9782354801953,2354801955
9782354801960,2354801963
9782354801977,2354801971
9782354801984,235480198X
9782354801991,
9782354802004,2354802005
9782354802011,2354802013
9782354802028,2354802021
9782354802035,235480203X
9782354802042,2354802048
9782354802059,2354802056
9782354802066,2354802064
9782354802073,2354802072
9782354802080,2354802080
9782354802103,
9782354802127,
9782354802134,2354802137
9782354802141,
9782354802158,
9782354802165,2354802161
9782354802172,235480217X
9782354802196,2354802196
9782354802226,
9782354802233,
9782354802264,
9782354810764,2354810768
9782354811013,2354811012
9782354812034,2354812035
9782354813673,2354813678
9782354813833,
9782354813987,2354813988
9782354814199,2354814194
9782354814809,2354814801
9782354814946,2354814941
9782354814953,235481495X
9782354815394,2354815395
9782354815417,2354815417
9782354815431,2354815433
9782354815455,235481545X
9782354815462,2354815468
9782354815479,2354815476
9782354815486,2354815484
9782354815509,2354815506
9782354815516,2354815514
9782354815585,2354815581
9782354815592,235481559X
9782354815608,2354815603
9782354815615,2354815611
9782354815639,
9782354815653,
9782354815677,
9782354815684,
9782354815691,2354815697
9782354815707,
9782354815714,2354815719
9782354815721,2354815727
9782354815738,2354815735
9782354815745,2354815743
9782354815752,2354815751
9782354815769,235481576X
9782354815783,2354815786
9782354815813,
9782354815820,2354815824
9782354815844,
9782354815851,
9782354815868,2354815867
9782354815912,2354815913
9782354815929,2354815921
9782354815974,2354815972
9782354815981,
9782354815998,2354815999
9782354816001,
9782354816100,
9782354816117,2354816111
9782354816124,
9782354816131,
9782354816148,
9782354816179,
9782354816193,
9782354816209,
9782354816223,
9782354850340,2354850344
9782354851446,
9782354851460,2354851464
9782354851514,
9782354851521,2354851529
9782354851538,2354851537
9782354851569,2354851561
9782354851576,235485157X
9782354851590,2354851596
9782354851637,2354851634
9782354851644,2354851642
9782354851651,2354851650
9782354851699,
9782354851712,2354851715
9782354851750,
9782354851774,2354851774
9782354851798,2354851790
9782354851811,
9782354851828,2354851820
9782354851835,
9782354851842,
9782354851859,2354851855
9782354851866,2354851863
9782354851873,2354851871
9782354851880,235485188X
9782354851897,2354851898
9782354851903,2354851901
9782354851910,
9782354851927,
9782354851934,2354851936
9782354851941,2354851944
9782354851958,
9782354851965,
9782354851989,2354851987
9782354852009,
9782354852016,2354852010
9782354852023,2354852029
9782354852030,2354852037
9782354852047,2354852045
9782354852054,
9782354852078,235485207X
9782354852085,
9782354852092,2354852096
9782354852115,
9782354852122,2354852126
9782354852146,2354852142
9782354852153,2354852150
9782354852160,2354852169
9782354852184,2354852185
9782354852191,2354852193
9782354852207,2354852207
9782354852214,2354852215
9782354852221,
9782354852252,2354852258
9782354852269,2354852266
9782354852276,2354852274
9782354852283,
9782354852306,2354852304
9782354852313,2354852312
9782354852320,2354852320
9782354852337,2354852339
9782354852344,
9782354852351,
9782354852368,2354852363
9782354852375,2354852371
9782354852382,235485238X
9782354852399,
9782354852405,
9782354852412,235485241X
9782354852436,2354852436
9782354852443,2354852444
9782354852450,
9782354852474,
9782354852481,2354852487
9782354852498,
9782354852504,2354852509
9782354852511,
9782354852535,2354852533
9782354852542,2354852541
9782354852559,
9782354852566,2354852568
9782354852580,2354852584
9782354852597,
9782354852603,2354852606
9782354852627,2354852622
9782354852634,
9782354852641,
9782354852658,2354852657
9782354852689,2354852681
9782354852696,235485269X
9782354852733,2354852738
9782354852740,
9782354852757,
9782354852764,
9782354852771,2354852770
9782354852788,
9782354852795,2354852797
9782354852801,2354852800
9782354852818,2354852819
9782354852856,
9782354852863,235485286X
9782354852870,2354852878
9782354852887,
9782354852894,2354852894
9782354852900,2354852908
9782354852924,2354852924
9782354852931,
9782354852948,
9782354852955,
9782354852962,2354852967
9782354852979,2354852975
9782354852986,2354852983
9782354853013,2354853017
9782354853020,2354853025
9782354853037,2354853033
9782354853044,
9782354853051,
9782354853068,
9782354853075,2354853076
9782354853082,
9782354853099,2354853092
9782354853105,2354853106
9782354853112,
9782354853129,2354853122
9782354853136,2354853130
9782354853143,
9782354853150,2354853157
9782354853167,2354853165
9782354853730,2354853734
9782354853747,
9782354853754,2354853750
9782354853785,2354853785
9782354853808,2354853807
9782354853815,2354853815
9782354853822,2354853823
9782354853839,2354853831
9782354853846,235485384X
9782354853860,
9782354853884,2354853882
9782354853891,
9782354853907,
9782354853914,2354853912
9782354853921,2354853920
9782354853938,2354853939
9782354853945,2354853947
9782354853969,2354853963
9782354853990,
9782354854546,2354854544
9782354854577,2354854579
9782354854621,
9782354854638,2354854633
9782354854652,235485465X
9782354854713,2354854714
9782354854775,2354854773
9782354854782,
9782354854805,
9782354854843,
9782354854850,2354854854
9782354854881,2354854889
9782354854928,2354854927
9782354854942,2354854943
9782354854966,235485496X
9782354854980,2354854986
9782354855017,
9782354855024,2354855028
9782354855031,2354855036
9782354855048,
9782354855055,2354855052
9782354855062,2354855060
9782354855093,
9782354855109,2354855109
9782354855130,
9782354855147,2354855141
9782354855185,2354855184
9782354855192,2354855192
9782354855222,2354855222
9782354855246,2354855249
9782354855253,2354855257
9782354855314,2354855311
9782354855352,2354855354
9782354855376,2354855370
9782354855390,2354855397
9782354855413,2354855419
9782354855420,2354855427
9782354855437,2354855435
9782354855482,2354855486
9782354855499,2354855494
9782354855505,2354855508
9782354855536,2354855532
9782354855567,2354855567
9782354855574,2354855575
9782354855581,2354855583
9782354855598,2354855591
9782354855604,2354855605
9782354855628,2354855621
9782354855635,235485563X
9782354855642,2354855648
9782354855925,2354855923
9782354856809,2354856806
9782354857370,2354857373
9782354857394,235485739X
9782354857417,2354857411
9782354857424,235485742X
9782354857431,2354857438
9782354857448,2354857446
9782354857455,2354857454
9782354857462,2354857462
9782354857479,2354857470
9782354857486,2354857489
9782354857530,2354857535
9782354857547,2354857543
9782354857554,2354857551
9782354857561,235485756X
9782354857578,2354857578
9782354857585,2354857586
9782354857592,2354857594
9782354857608,2354857608
9782354857615,2354857616
9782354857622,2354857624
9782354857639,2354857632
9782354857646,2354857640
9782354857653,2354857659
9782354857660,2354857667
9782354857677,2354857675
9782354857684,2354857683
9782354859695,2354859694
9782354859701,2354859708
9782354870133,
9782354880712,2354880715
9782354880729,2354880723
9782354880736,2354880731
9782354880835,2354880839
9782354880941,2354880944
9782354881429,2354881428
9782354881474,2354881479
9782354881481,2354881487
9782354881535,2354881533
9782354881573,2354881576
9782354881603,2354881606
9782354881634,2354881630
9782354881719,2354881711
9782354881726,235488172X
9782354881788,2354881789
9782354881900,2354881908
9782354881962,2354881967
9782354882105,2354882106
9782354882112,2354882114
9782354882181,2354882181
9782354882204,2354882203
9782354882242,2354882246
9782354882259,2354882254
9782354882266,2354882262
9782354882303,2354882300
9782354882310,2354882319
9782354882327,2354882327
9782354882334,2354882335
9782354882358,2354882351
9782354882365,235488236X
9782354882372,2354882378
9782354882389,2354882386
9782354882402,2354882408
9782354882419,2354882416
9782354882556,2354882556
9782354882563,2354882564
9782354882570,2354882572
9782354882730,2354882734
9782354882761,2354882769
9782354883379,2354883374
9782354883393,2354883390
9782354883430,2354883439
9782354884215,2354884214
9782354884222,2354884222
9782354884239,2354884230
9782354884246,2354884249
9782354884253,2354884257
9782354884260,2354884265
9782354884772,235488477X
9782354886134,2354886136
9782354886202,2354886209
9782354886578,2354886578
9782354886592,2354886594
9782354886608,2354886608
9782354886615,2354886616
9782354886622,2354886624
9782354886639,2354886632
9782354886653,2354886659
9782354886677,2354886675
9782354886684,2354886683
9782354886691,2354886691
9782354886714,2354886713
9782354886769,2354886764
9782354886776,2354886772
9782354886783,2354886780
9782354886790,2354886799
9782354886806,2354886802
9782354886813,2354886810
9782354886820,2354886829
9782354886837,2354886837
9782354886844,2354886845
9782354886851,2354886853
9782354886868,2354886861
9782354886875,235488687X
9782354886882,2354886888
9782354886899,2354886896
9782354886905,235488690X
9782354886912,2354886918
9782354886929,2354886926
9782354886936,2354886934
9782354886943,2354886942
9782354886950,2354886950
9782354886967,2354886969
9782354886974,2354886977
9782354886981,2354886985
9782354886998,2354886993
9782354887001,2354887000
9782354887018,2354887019
9782354887025,2354887027
9782354887032,2354887035
9782354887049,2354887043
9782354887056,2354887051
9782354887063,235488706X
9782354887087,
9782354887094,2354887094
9782354887100,2354887108
9782354887117,2354887116
9782354887124,2354887124
9782354887131,2354887132
9782354887148,2354887140
9782354887605,2354887604
9782354887667,2354887663
9782354887674,2354887671
9782354887681,235488768X
9782354887698,2354887698
9782354887704,2354887701
9782354887711,235488771X
9782354887728,2354887728
9782354887735,2354887736
9782354887742,2354887744
9782354887759,2354887752
9782354887766,2354887760
9782354887773,2354887779
9782354887780,
9782354887797,2354887795
9782354887803,2354887809
9782354887810,
9782354887827,
9782354887834,2354887833
9782354887858,235488785X
9782354887865,
9782354887872,2354887876
9782354887896,2354887892
9782354887902,2354887906
9782354887919,2354887914
9782354887933,2354887930
9782354887940,2354887949
9782354887957,2354887957
9782354887971,2354887973
9782354887988,
9782354888008,2354888007
9782354888015,2354888015
9782354888022,2354888023
9782354888039,
9782354888046,
9782354888053,2354888058
9782354888060,2354888066
9782354888077,2354888074
9782354888084,2354888082
9782354888091,2354888090
9782354888107,
9782354888114,2354888112
9782354888145,2354888147
9782354888435,2354888430
9782354888510,2354888511
9782354888541,
9782354888589,
9782354888718,
9782354888732,2354888732
9782354888749,2354888740
9782354888756,2354888759
9782354888817,2354888813
9782354888824,2354888821
9782354888855,2354888856
9782354888879,2354888872
9782354888886,2354888880
9782354888893,2354888899
9782354888909,2354888902
9782354888947,2354888945
9782354888954,2354888953
9782354888961,
9782354888978,235488897X
9782354888985,
9782354888992,
9782354889005,2354889003
9782354889029,
9782354889067,2354889062
9782354889074,
9782354889081,
9782354889180,
9782354889197,
9782354889234,
9782354900236,2354900236
9782354900427,2354900422
9782354900441,2354900449
9782354900465,2354900465
9782354900472,2354900473
9782354900496,235490049X
9782354900502,2354900503
9782354900519,2354900511
9782354900526,235490052X
9782354900540,2354900546
9782354900595,2354900597
9782354900632,2354900635
9782354900649,2354900643
9782354900656,2354900651
9782354900663,235490066X
9782354900670,2354900678
9782354900717,2354900716
9782354900724,2354900724
9782354900731,2354900732
9782354900748,2354900740
9782354900755,2354900759
9782354900762,2354900767
9782354900779,2354900775
9782354900823,2354900821
9782354900861,2354900864
9782354901004,2354901003
9782354901011,2354901011
9782354901042,2354901046
9782354901080,2354901089
9782354901097,2354901097
9782354901103,2354901100
9782354901127,2354901127
9782354901134,2354901135
9782354901165,235490116X
9782354901226,2354901224
9782354901325,2354901321
9782354901882,2354901887
9782354902070,2354902077
9782354902087,2354902085
9782354902094,2354902093
9782354902100,2354902107
9782354902117,2354902115
9782354902124,2354902123
9782354902131,2354902131
9782354902148,235490214X
9782354902155,2354902158
9782354902186,2354902182
9782354902193,2354902190
9782354902209,2354902204
9782354902216,2354902212
9782354902223,2354902220
9782354902230,2354902239
9782354902278,2354902271
9782354902285,
9782354902292,2354902298
9782354902339,
9782354902353,
9782354902360,
9782354902407,2354902409
9782354902414,2354902417
9782354902421,
9782354902438,
9782354902452,
9782354902469,2354902468
9782354902476,2354902476
9782354902483,2354902484
9782354902490,2354902492
9782354902506,
9782354902520,
9782354902537,2354902530
9782354902544,
9782354902599,
9782354902605,
9782354902629,235490262X
9782354940904,2354940904
9782354940911,2354940912
9782354940928,2354940920
9782354940935,2354940939
9782354940942,2354940947
9782354940959,2354940955
9782354940973,
9782354940980,235494098X
9782354940997,
9782354941000,
9782354941017,
9782354941024,
9782354941031,
9782354941055,
9782354941062,
9782354941079,
9782354941086,
9782354941093,
9782354981464,
9782354981938,2354981937
9782354981945,
9782354981983,
9782354982003,
9782354982065,
9782354982263,
9782354982560,
9782354982997,
9782354983253,
9782355020094,2355020094
9782355020148,2355020140
9782355020254,2355020256
9782355020261,2355020264
9782355020278,2355020272
9782355020292,2355020299
9782355020308,2355020302
9782355020315,
9782355020322,2355020329
9782355020339,2355020337
9782355020407,
9782355020414,2355020418
9782355020438,
9782355020452,
9782355020902,
9782355020940,2355020949
9782355020957,
9782355020964,2355020965
9782355020995,
9782355021008,2355021007
9782355021015,
9782355021022,2355021023
9782355021039,
9782355021053,
9782355021091,2355021090
9782355021114,2355021112
9782355021138,
9782355021145,
9782355021220,
9782355021237,
9782355041129,2355041121
9782355041150,2355041156
9782355041174,2355041172
9782355041181,2355041180
9782355041204,2355041202
9782355041211,2355041210
9782355041242,
9782355041259,2355041253
9782355041266,
9782355041273,235504127X
9782355041297,2355041296
9782355041303,235504130X
9782355041341,2355041342
9782355041358,2355041350
9782355041365,2355041369
9782355041372,2355041377
9782355041389,2355041385
9782355041396,2355041393
9782355041402,2355041407
9782355041464,2355041466
9782355041471,2355041474
9782355041488,2355041482
9782355041495,2355041490
9782355041501,2355041504
9782355041549,2355041547
9782355041556,2355041555
9782355041563,2355041563
9782355041570,2355041571
9782355041587,235504158X
9782355041594,2355041598
9782355041600,2355041601
9782355041617,235504161X
9782355041655,2355041652
9782355041662,2355041660
9782355041693,2355041695
9782355041709,2355041709
9782355041716,2355041717
9782355041723,2355041725
9782355041730,2355041733
9782355041747,2355041741
9782355041754,235504175X
9782355041761,2355041768
9782355041785,2355041784
9782355041792,2355041792
9782355041815,2355041814
9782355041822,2355041822
9782355041839,2355041830
9782355041846,2355041849
9782355041938,2355041938
9782355041945,2355041946
9782355041952,2355041954
9782355041969,2355041962
9782355041990,2355041997
9782355042003,2355042004
9782355042010,2355042012
9782355042034,2355042039
9782355042041,2355042047
9782355042089,235504208X
9782355042157,2355042152
9782355042164,2355042160
9782355042171,2355042179
9782355042225,2355042225
9782355042232,2355042233
9782355042249,2355042241
9782355042256,235504225X
9782355042263,2355042268
9782355042270,2355042276
9782355042287,2355042284
9782355042294,2355042292
9782355042669,2355042667
9782355042690,2355042691
9782355042706,2355042705
9782355042768,2355042764
9782355042775,2355042772
9782355042782,2355042780
9782355042799,2355042799
9782355042805,2355042802
9782355042829,2355042829
9782355042843,2355042845
9782355042881,2355042888
9782355042904,235504290X
9782355042959,2355042950
9782355042966,2355042969
9782355043024,2355043027
9782355043031,2355043035
9782355043055,2355043051
9782355043079,2355043078
9782355043123,2355043124
9782355043130,2355043132
9782355043154,2355043159
9782355043185,2355043183
9782355043208,2355043205
9782355043215,2355043213
9782355043222,2355043221
9782355043239,235504323X
9782355043291,2355043299
9782355043314,2355043310
9782355043338,2355043337
9782355043376,235504337X
9782355043383,2355043388
9782355043390,2355043396
9782355043406,235504340X
9782355043413,2355043418
9782355043475,2355043477
9782355043482,2355043485
9782355043499,2355043493
9782355043741,2355043744
9782355044243,2355044244
9782355044397,2355044392
9782355044403,2355044406
9782355044410,2355044414
9782355044434,2355044430
9782355044960,2355044961
9782355045363,2355045364
9782355045370,
9782355045387,2355045380
9782355045394,2355045399
9782355045448,2355045445
9782355045455,
9782355045462,2355045461
9782355045516,2355045518
9782355045523,2355045526
9782355045530,2355045534
9782355045554,2355045550
9782355045592,2355045593
9782355045615,2355045615
9782355045622,2355045623
9782355045646,
9782355045653,2355045658
9782355045660,2355045666
9782355045677,2355045674
9782355045684,2355045682
9782355045691,2355045690
9782355045707,2355045704
9782355045714,
9782355045721,2355045720
9782355045738,2355045739
9782355045776,2355045771
9782355045790,2355045798
9782355045806,2355045801
9782355045820,2355045828
9782355045837,2355045836
9782355045844,2355045844
9782355045851,2355045852
9782355045875,2355045879
9782355045882,2355045887
9782355045899,
9782355045905,2355045909
9782355045912,2355045917
9782355045929,2355045925
9782355045936,2355045933
9782355045943,2355045941
9782355045981,2355045984
9782355045998,2355045992
9782355046032,2355046034
9782355046087,
9782355046100,
9782355046117,
9782355046124,2355046123
9782355046131,2355046131
9782355046148,
9782355046162,2355046166
9782355046179,2355046174
9782355046186,2355046182
9782355046193,
9782355046209,2355046204
9782355046216,
9782355046223,2355046220
9782355046230,2355046239
9782355046247,
9782355046278,2355046271
9782355046285,235504628X
9782355046292,2355046298
9782355046308,
9782355046315,235504631X
9782355046322,
9782355046339,
9782355046346,
9782355046353,
9782355046360,2355046360
9782355046384,
9782355046391,
9782355046421,2355046425
9782355046438,2355046433
9782355046445,2355046441
9782355046452,235504645X
9782355046483,2355046484
9782355046490,2355046492
9782355046506,2355046506
9782355046513,2355046514
9782355046544,2355046549
9782355046551,2355046557
9782355046568,2355046565
9782355046575,2355046573
9782355046582,2355046581
9782355046599,
9782355046605,
9782355046612,
9782355046629,
9782355046636,
9782355070211,
9782355070242,
9782355070259,2355070253
9782355070297,
9782355070303,235507030X
9782355070310,2355070318
9782355070327,2355070326
9782355070334,
9782355070341,2355070342
9782355070358,2355070350
9782355070365,
9782355070396,
9782355070402,
9782355070419,
9782355070426,2355070423
9782355070440,235507044X
9782355070518,2355070512
9782355070525,
9782355070532,
9782355070587,
9782355070600,
9782355070617,
9782355070655,
9782355070662,2355070660
9782355071058,
9782355071065,
9782355071089,235507108X
9782355071096,
9782355071102,
9782355071133,
9782355071140,
9782355071157,
9782355071164,
9782355071171,
9782355071188,
9782355071195,
9782355083884,2355083886
9782355083990,2355083991
9782355084478,2355084475
9782355084539,235508453X
9782355084690,2355084696
9782355084898,2355084890
9782355084942,2355084947
9782355085307,2355085307
9782355085475,2355085471
9782355085789,2355085781
9782355086342,2355086346
9782355086557,2355086559
9782355086571,2355086575
9782355086823,2355086826
9782355086885,2355086885
9782355086953,
9782355086991,2355086990
9782355087462,2355087466
9782355087745,2355087741
9782355087813,2355087814
9782355087837,2355087830
9782355087868,2355087865
9782355087943,2355087946
9782355088032,2355088039
9782355088063,2355088063
9782355088179,2355088179
9782355088209,2355088209
9782355088315,2355088314
9782355088551,2355088551
9782355088872,235508887X
9782355089039,2355089035
9782355089237,235508923X
9782355089428,2355089426
9782355089497,2355089493
9782355089596,2355089590
9782355089633,2355089639
9782355089749,2355089744
9782355089817,2355089817
9782355089862,2355089868
9782355089916,2355089914
9782355089923,2355089922
9782355170133,
9782355181016,2355181012
9782355181023,
9782355181030,
9782355191947,2355191948
9782355191985,
9782355192043,
9782355192197,
9782355192340,
9782355192388,
9782355192449,
9782355192463,
9782355192609,
9782355192685,
9782355192692,
9782355192821,
9782355192838,
9782355193149,2355193142
9782355194047,2355194041
9782355195150,
9782355196102,
9782355197840,
9782355198052,
9782355198069,
9782355198168,2355198160
9782355198212,
9782355198267,
9782355198878,
9782355198915,
9782355199202,
9782355220395,2355220395
9782355220425,2355220425
9782355220449,2355220441
9782355220548,2355220549
9782355220883,2355220883
9782355221101,2355221103
9782355221156,2355221154
9782355221255,2355221251
9782355221262,235522126X
9782355221286,2355221286
9782355221385,2355221383
9782355221422,2355221421
9782355221446,2355221448
9782355221453,2355221456
9782355221484,2355221480
9782355221569,2355221561
9782355221583,2355221588
9782355221644,
9782355221705,2355221707
9782355230127,2355230129
9782355230141,2355230145
9782355230165,2355230161
9782355230172,235523017X
9782355230202,235523020X
9782355230219,2355230218
9782355230226,2355230226
9782355230233,2355230234
9782355230240,2355230242
9782355230257,2355230250
9782355230264,2355230269
9782355230271,2355230277
9782355230288,2355230285
9782355230301,2355230307
9782355230325,2355230323
9782355230332,2355230331
9782355230349,235523034X
9782355230356,2355230358
9782355230363,2355230366
9782355230370,2355230374
9782355230387,2355230382
9782355230394,2355230390
9782355230400,2355230404
9782355230417,2355230412
9782355230424,2355230420
9782355230431,2355230439
9782355230448,2355230447
9782355230455,2355230455
9782355230462,2355230463
9782355230486,235523048X
9782355230493,2355230498
9782355230509,2355230501
9782355230516,235523051X
9782355230523,2355230528
9782355230530,2355230536
9782355230547,2355230544
9782355230554,2355230552
9782355230561,2355230560
9782355230578,2355230579
9782355230585,2355230587
9782355230592,2355230595
9782355230608,2355230609
9782355230615,2355230617
9782355230622,2355230625
9782355230639,2355230633
9782355230646,2355230641
9782355230653,235523065X
9782355230660,2355230668
9782355230677,2355230676
9782355230684,2355230684
9782355230691,2355230692
9782355230707,2355230706
9782355230714,2355230714
9782355230721,2355230722
9782355230738,2355230730
9782355230745,2355230749
9782355230752,2355230757
9782355230769,2355230765
9782355230776,2355230773
9782355230783,2355230781
9782355230790,235523079X
9782355230806,2355230803
9782355230813,2355230811
9782355230820,235523082X
9782355230837,2355230838
9782355230844,2355230846
9782355230851,2355230854
9782355230868,2355230862
9782355230875,2355230870
9782355230882,2355230889
9782355230899,2355230897
9782355230905,2355230900
9782355230912,2355230919
9782355230929,2355230927
9782355230936,2355230935
9782355230943,2355230943
9782355230950,2355230951
9782355230967,235523096X
9782355230974,2355230978
9782355230981,2355230986
9782355230998,2355230994
9782355231001,2355231001
9782355231018,235523101X
9782355231025,2355231028
9782355231032,2355231036
9782355231049,2355231044
9782355231056,2355231052
9782355231063,2355231060
9782355231087,2355231087
9782355231094,2355231095
9782355231100,2355231109
9782355231117,2355231117
9782355231124,2355231125
9782355231131,2355231133
9782355231148,2355231141
9782355231155,235523115X
9782355231162,2355231168
9782355231179,2355231176
9782355231186,2355231184
9782355231193,2355231192
9782355231209,2355231206
9782355231216,2355231214
9782355231223,2355231222
9782355231230,2355231230
9782355231247,2355231249
9782355231254,2355231257
9782355231261,2355231265
9782355231278,2355231273
9782355231285,2355231281
9782355231292,235523129X
9782355231308,2355231303
9782355231322,235523132X
9782355231339,2355231338
9782355231346,2355231346
9782355231353,2355231354
9782355231360,2355231362
9782355231377,2355231370
9782355231384,2355231389
9782355231391,2355231397
9782355231407,2355231400
9782355231414,2355231419
9782355231421,2355231427
9782355231438,2355231435
9782355231445,2355231443
9782355231452,2355231451
9782355231469,235523146X
9782355231476,2355231478
9782355231483,2355231486
9782355231490,2355231494
9782355231506,2355231508
9782355231513,2355231516
9782355231520,2355231524
9782355231537,2355231532
9782355231544,2355231540
9782355231551,2355231559
9782355231568,2355231567
9782355231575,2355231575
9782355231582,2355231583
9782355231599,2355231591
9782355231605,2355231605
9782355231612,2355231613
9782355231629,2355231621
9782355231636,235523163X
9782355231643,2355231648
9782355231650,2355231656
9782355231667,2355231664
9782355231674,2355231672
9782355231681,2355231680
9782355231698,2355231699
9782355231704,2355231702
9782355231711,2355231710
9782355231728,2355231729
9782355231735,2355231737
9782355231742,2355231745
9782355231759,2355231753
9782355231766,2355231761
9782355231773,235523177X
9782355231780,2355231788
9782355231797,2355231796
9782355231803,235523180X
9782355231810,2355231818
9782355231827,2355231826
9782355231834,2355231834
9782355231841,2355231842
9782355231865,2355231869
9782355231872,2355231877
9782355231889,2355231885
9782355231896,2355231893
9782355231902,2355231907
9782355231919,2355231915
9782355231926,2355231923
9782355231933,2355231931
9782355231940,235523194X
9782355231957,2355231958
9782355231971,2355231974
9782355231988,2355231982
9782355231995,2355231990
9782355232008,2355232008
9782355232015,2355232016
9782355232022,2355232024
9782355232039,2355232032
9782355232046,2355232040
9782355232053,2355232059
9782355232060,2355232067
9782355232077,2355232075
9782355232084,2355232083
9782355232091,2355232091
9782355232114,2355232113
9782355232138,235523213X
9782355232145,2355232148
9782355232152,2355232156
9782355232169,2355232164
9782355232176,2355232172
9782355232183,2355232180
9782355232190,2355232199
9782355232206,2355232202
9782355232220,2355232229
9782355232237,2355232237
9782355232244,2355232245
9782355232251,2355232253
9782355232268,2355232261
9782355232275,235523227X
9782355232282,2355232288
9782355232299,2355232296
9782355232305,235523230X
9782355232312,2355232318
9782355232329,2355232326
9782355232343,2355232342
9782355232381,2355232385
9782355232398,2355232393
9782355232404,2355232407
9782355232411,2355232415
9782355232428,2355232423
9782355232435,2355232431
9782355232442,235523244X
9782355232459,2355232458
9782355232466,2355232466
9782355232473,2355232474
9782355232480,
9782355232497,2355232490
9782355232503,2355232504
9782355232510,
9782355232527,
9782355232534,
9782355232541,2355232547
9782355232558,
9782355232565,2355232563
9782355232572,
9782355232589,235523258X
9782355232596,
9782355232619,
9782355232626,
9782355232633,2355232636
9782355232640,
9782355232657,2355232652
9782355232664,2355232660
9782355232671,
9782355232688,
9782355232695,
9782355232701,2355232709
9782355232718,
9782355232725,
9782355232732,2355232733
9782355232749,
9782355232770,2355232776
9782355232787,2355232784
9782355232794,2355232792
9782355232800,
9782355232817,
9782355232824,
9782355232831,2355232830
9782355232848,
9782355232862,
9782355232879,
9782355232886,2355232881
9782355232893,
9782355232909,
9782355232916,
9782355232923,
9782355232930,2355232938
9782355232947,2355232946
9782355232954,2355232954
9782355232961,
9782355232978,
9782355232985,
9782355232992,2355232997
9782355233005,2355233004
9782355233012,
9782355233050,
9782355233067,
9782355233074,2355233071
9782355233081,
9782355233098,2355233098
9782355233104,
9782355233111,
9782355233128,
9782355233135,2355233136
9782355233142,
9782355233166,
9782355233173,2355233179
9782355233180,
9782355233197,2355233195
9782355233203,
9782355233210,
9782355233227,
9782355233234,
9782355233258,
9782355233265,2355233268
9782355233272,
9782355233289,2355233284
9782355233296,
9782355233302,2355233306
9782355233319,
9782355233326,2355233322
9782355233333,2355233330
9782355233340,2355233349
9782355233357,2355233357
9782355233364,
9782355233371,
9782355233388,
9782355233395,235523339X
9782355233401,
9782355233418,
9782355233432,
9782355233487,
9782355233494,
9782355233500,
9782355233517,
9782355233524,
9782355233548,2355233543
9782355233555,
9782355233562,
9782355233579,
9782355233586,
9782355233593,
9782355233609,
9782355233616,
9782355233623,2355233624
9782355233630,
9782355233647,2355233640
9782355233654,2355233659
9782355233661,2355233667
9782355233678,
9782355233685,
9782355233692,2355233691
9782355233708,2355233705
9782355233715,
9782355233722,2355233721
9782355233739,
9782355233746,2355233748
9782355233753,2355233756
9782355233760,
9782355233784,
9782355233807,2355233802
9782355233814,
9782355233821,
9782355233838,
9782355233845,
9782355233852,
9782355233869,
9782355233876,
9782355233890,
9782355233906,
9782355233937,
9782355233944,
9782355233951,2355233950
9782355233968,2355233969
9782355233975,
9782355233982,2355233985
9782355233999,
9782355234002,2355234000
9782355234019,2355234019
9782355234026,2355234027
9782355234033,
9782355234057,
9782355234064,
9782355234071,2355234078
9782355234088,2355234086
9782355234095,
9782355234101,2355234108
9782355234118,
9782355234125,2355234124
9782355234132,
9782355234149,2355234140
9782355234156,2355234159
9782355234163,
9782355234170,2355234175
9782355234187,2355234183
9782355234194,2355234191
9782355234200,
9782355234217,
9782355234224,
9782355234231,
9782355234248,2355234248
9782355234255,
9782355234262,
9782355234279,
9782355234286,2355234280
9782355234293,2355234299
9782355234309,2355234302
9782355234316,2355234310
9782355234323,2355234329
9782355234330,
9782355234347,
9782355234354,
9782355234361,2355234361
9782355234385,2355234388
9782355234392,2355234396
9782355234408,235523440X
9782355234415,
9782355234422,2355234426
9782355234439,
9782355234446,2355234442
9782355234453,
9782355234460,
9782355234477,
9782355234484,2355234485
9782355234491,
9782355260490,2355260494
9782355260506,2355260508
9782355260513,
9782355260520,2355260524
9782355260551,2355260559
9782355260568,2355260567
9782355260575,
9782355260582,2355260583
9782355260599,2355260591
9782355260605,2355260605
9782355260636,235526063X
9782355260643,2355260648
9782355260650,2355260656
9782355260667,2355260664
9782355260674,2355260672
9782355260681,
9782355260698,2355260699
9782355260704,2355260702
9782355260711,2355260710
9782355260728,2355260729
9782355260735,2355260737
9782355260742,
9782355260766,2355260761
9782355260773,235526077X
9782355260797,2355260796
9782355260803,235526080X
9782355260810,2355260818
9782355260827,2355260826
9782355260841,2355260842
9782355260858,2355260850
9782355260865,2355260869
9782355260872,2355260877
9782355260896,2355260893
9782355260919,2355260915
9782355260926,2355260923
9782355260933,2355260931
9782355260940,235526094X
9782355260957,2355260958
9782355260964,2355260966
9782355260988,2355260982
9782355260995,2355260990
9782355261008,2355261008
9782355261015,2355261016
9782355261022,2355261024
9782355261039,2355261032
9782355261046,2355261040
9782355261053,2355261059
9782355261091,2355261091
9782355261107,2355261105
9782355261138,235526113X
9782355261152,2355261156
9782355261190,2355261199
9782355261206,2355261202
9782355261220,2355261229
9782355261237,2355261237
9782355261244,2355261245
9782355261268,2355261261
9782355261275,235526127X
9782355261282,2355261288
9782355261299,2355261296
9782355261305,235526130X
9782355261312,2355261318
9782355261329,2355261326
9782355261343,2355261342
9782355261350,2355261350
9782355261367,2355261369
9782355261374,2355261377
9782355261381,2355261385
9782355261626,2355261628
9782355261770,2355261776
9782355261893,
9782355261909,2355261903
9782355261916,2355261911
9782355261923,
9782355261930,2355261938
9782355261947,2355261946
9782355261961,
9782355261978,2355261970
9782355261985,2355261989
9782355261992,2355261997
9782355262005,2355262004
9782355262012,
9782355270109,2355270104
9782355270444,2355270449
9782355270468,2355270465
9782355270482,2355270481
9782355270499,235527049X
9782355270529,235527052X
9782355270536,2355270538
9782355270543,2355270546
9782355270567,2355270562
9782355270574,2355270570
9782355270581,2355270589
9782355270598,
9782355270604,2355270600
9782355270611,
9782355270628,2355270627
9782355270635,2355270635
9782355270642,
9782355270659,2355270651
9782355270666,235527066X
9782355270680,2355270686
9782355270703,2355270708
9782355270710,
9782355270741,2355270740
9782355270802,2355270805
9782355270819,2355270813
9782355270826,2355270821
9782355270833,
9782355270857,2355270856
9782355270864,2355270864
9782355270888,2355270880
9782355270895,2355270899
9782355270918,
9782355270925,2355270929
9782355270949,2355270945
9782355270956,
9782355270970,
9782355270994,2355270996
9782355271007,
9782355271014,
9782355271021,235527102X
9782355271038,2355271038
9782355271045,2355271046
9782355271069,2355271062
9782355271076,2355271070
9782355271083,2355271089
9782355271229,2355271224
9782355271243,2355271240
9782355271267,2355271267
9782355271304,2355271305
9782355271342,2355271348
9782355271366,2355271364
9782355271397,2355271399
9782355271434,2355271437
9782355271441,2355271445
9782355271519,
9782355271526,
9782355271533,2355271534
9782355271540,
9782355271557,2355271550
9782355271571,2355271577
9782355271601,2355271607
9782355272042,
9782355272172,2355272174
9782355272295,2355272298
9782355272301,2355272301
9782355272325,2355272328
9782355272332,2355272336
9782355272349,2355272344
9782355272356,
9782355272363,2355272360
9782355272370,
9782355272387,
9782355272400,2355272409
9782355272417,2355272417
9782355272431,2355272433
9782355272455,235527245X
9782355272462,2355272468
9782355272509,2355272506
9782355272516,2355272514
9782355272530,2355272530
9782355272547,
9782355272554,2355272557
9782355272578,2355272573
9782355272585,2355272581
9782355272608,
9782355272615,
9782355301889,2355301883
9782355302145,2355302146
9782355302169,2355302162
9782355302176,2355302170
9782355302879,2355302871
9782355302886,235530288X
9782355302893,2355302898
9782355302916,235530291X
9782355302923,2355302928
9782355302930,2355302936
9782355302947,2355302944
9782355302954,2355302952
9782355302961,2355302960
9782355302978,2355302979
9782355302985,
9782355321078,2355321078
9782355321085,2355321086
9782355321108,2355321108
9782355321115,2355321116
9782355321139,2355321132
9782355321153,2355321159
9782355321191,2355321191
9782355321207,2355321205
9782355321221,2355321221
9782355321252,2355321256
9782355321306,2355321302
9782355321337,2355321337
9782355321481,2355321485
9782355321542,235532154X
9782355321559,2355321558
9782355321580,2355321582
9782355321597,2355321590
9782355321627,2355321620
9782355321634,2355321639
9782355321641,2355321647
9782355321689,235532168X
9782355321733,2355321736
9782355321740,2355321744
9782355321757,2355321752
9782355321771,2355321779
9782355321801,2355321809
9782355321818,2355321817
9782355321849,2355321841
9782355321863,2355321868
9782355321870,2355321876
9782355321900,2355321906
9782355321948,2355321949
9782355321955,2355321957
9782355322006,2355322007
9782355322068,2355322066
9782355322488,2355322481
9782355322518,2355322511
9782355322525,235532252X
9782355323041,2355323046
9782355323096,
9782355323126,
9782355323133,
9782355323140,2355323143
9782355323157,2355323151
9782355323201,2355323208
9782355323218,2355323216
9782355323232,
9782355323249,
9782355323256,
9782355323263,2355323267
9782355323294,
9782355323300,2355323305
9782355323348,2355323348
9782355323355,
9782355323362,
9782355323379,
9782355323386,
9782355323393,
9782355323409,2355323402
9782355323416,
9782355323430,
9782355323461,
9782355323478,
9782355323508,
9782355323515,
9782355323522,2355323526
9782355323539,
9782355323546,2355323542
9782355323560,
9782355323577,2355323577
9782355323591,
9782355323607,
9782355323645,
9782355323652,
9782355323683,
9782355323690,
9782355323706,
9782355323713,
9782355380006,
9782355391118,2355391114
9782355391149,2355391149
9782355391156,2355391157
9782355391194,235539119X
9782355391200,2355391203
9782355391217,2355391211
9782355391224,235539122X
9782355391231,2355391238
9782355391255,2355391254
9782355391262,2355391262
9782355391279,2355391270
9782355391286,2355391289
9782355391293,2355391297
9782355391309,2355391300
9782355391316,2355391319
9782355391323,2355391327
9782355391330,2355391335
9782355391354,2355391351
9782355391361,235539136X
9782355391378,2355391378
9782355391385,2355391386
9782355391392,2355391394
9782355391446,2355391440
9782355391453,2355391459
9782355391477,2355391475
9782355391484,2355391483
9782355391491,2355391491
9782355391507,2355391505
9782355391521,2355391521
9782355391538,235539153X
9782355391545,2355391548
9782355391590,2355391599
9782355391606,2355391602
9782355391613,2355391610
9782355391637,2355391637
9782355391651,2355391653
9782355391668,2355391661
9782355391675,235539167X
9782355391682,2355391688
9782355391705,235539170X
9782355391729,2355391726
9782355391750,2355391750
9782355391767,2355391769
9782355391774,2355391777
9782355391897,2355391890
9782355391903,2355391904
9782355391927,2355391920
9782355391958,2355391955
9782355394003,
9782355394010,
9782355394027,
9782355394034,
9782355440007,
9782355440021,
9782355480348,
9782355480362,2355480362
9782355480379,2355480370
9782355480386,
9782355480393,2355480397
9782355480409,
9782355480423,2355480427
9782355480430,
9782355480447,2355480443
9782355480454,
9782355480461,
9782355480478,2355480478
9782355480485,2355480486
9782355480492,
9782355480508,2355480508
9782355480515,
9782355480522,
9782355480539,
9782355480546,
9782355480553,
9782355480560,
9782355480577,2355480575
9782355480591,
9782355480607,2355480605
9782355480614,2355480613
9782355480621,
9782355480638,
9782355480645,
9782355480652,2355480656
9782355480782,
9782355480805,
9782355480812,
9782355480843,
9782355480867,
9782355481123,
9782355481345,
9782355481352,
9782355481369,
9782355481376,
9782355481383,
9782355481390,
9782355481413,
9782355481420,
9782355481437,2355481431
9782355481451,
9782355481468,
9782355485480,
9782355500602,2355500606
9782355500633,2355500630
9782355500657,2355500657
9782355500701,2355500703
9782355500763,
9782355500824,2355500827
9782355500831,2355500835
9782355500862,235550086X
9782355500879,
9782355500886,2355500886
9782355500893,2355500894
9782355500916,2355500916
9782355500954,
9782355500961,
9782355501012,
9782355501043,
9782355501050,235550105X
9782355501111,2355501114
9782355501128,
9782355501135,
9782355501159,2355501157
9782355501166,2355501165
9782355501319,2355501319
9782355501326,2355501327
9782355501340,2355501343
9782355501357,2355501351
9782355501388,2355501386
9782355501395,
9782355501456,2355501459
9782355501470,
9782355501517,
9782355501524,2355501521
9782355501531,235550153X
9782355501616,2355501610
9782355501630,
9782355501814,
9782355501999,2355501998
9782355502064,2355502064
9782355502088,
9782355502095,2355502099
9782355502279,
9782355502507,2355502501
9782355502538,
9782355502545,
9782355502552,2355502552
9782355502569,2355502560
9782355502576,2355502579
9782355502583,2355502587
9782355502590,
9782355502606,2355502609
9782355502613,
9782355502620,
9782355502637,2355502633
9782355502644,2355502641
9782355502651,235550265X
9782355502668,2355502668
9782355502675,2355502676
9782355502682,2355502684
9782355502699,2355502692
9782355502705,2355502706
9782355502712,2355502714
9782355502729,2355502722
9782355502736,
9782355502743,2355502749
9782355502750,2355502757
9782355502774,2355502773
9782355502781,
9782355502798,
9782355502804,
9782355502811,
9782355502828,235550282X
9782355502835,
9782355502842,2355502846
9782355502859,
9782355502866,
9782355502873,
9782355502880,
9782355502897,
9782355502910,2355502919
9782355502927,
9782355502934,
9782355502941,2355502943
9782355502958,
9782355502965,
9782355502972,
9782355502989,
9782355508004,
9782355508011,
9782355508028,
9782355508035,
9782355508042,
9782355508059,
9782355508066,
9782355508073,2355508070
9782355508080,2355508089
9782355508097,2355508097
9782355508103,2355508100
9782355510571,
9782355510755,235551075X
9782355510861,
9782355510885,2355510881
9782355510939,2355510938
9782355510991,
9782355511011,
9782355511035,
9782355511059,
9782355511066,2355511063
9782355511080,
9782355511158,2355511152
9782355511165,2355511160
9782355511172,2355511179
9782355511189,
9782355511196,
9782355511219,2355511217
9782355511226,2355511225
9782355511233,2355511233
9782355511240,
9782355511264,2355511268
9782355511271,2355511276
9782355511288,
9782355511295,2355511292
9782355511301,2355511306
9782355511318,
9782355511325,2355511322
9782355511349,
9782355511356,2355511357
9782355511370,2355511373
9782355511387,
9782355511400,2355511403
9782355511417,2355511411
9782355511424,
9782355511431,
9782355511462,
9782355511479,
9782355511486,2355511489
9782355511493,2355511497
9782355511509,
9782355511523,2355511527
9782355511561,
9782355511677,
9782355511691,2355511691
9782355511707,2355511705
9782355511714,
9782355511721,2355511721
9782355511738,
9782355511745,
9782355511882,
9782355511899,
9782355511936,
9782355511974,2355511977
9782355512629,
9782355512650,
9782355512667,
9782355512681,
9782355512698,
9782355512704,
9782355512742,
9782355512773,
9782355512780,
9782355512797,
9782355512803,
9782355512810,
9782355512827,
9782355512834,
9782355512841,
9782355512858,
9782355512865,
9782355512872,
9782355512889,
9782355512896,
9782355512902,
9782355512919,
9782355512933,
9782355512964,
9782355512988,
9782355512995,
9782355513046,
9782355513053,
9782355513077,
9782355513084,
9782355513091,
9782355513107,
9782355580024,2355580022
9782355580178,2355580170
9782355580215,2355580219
9782355580222,2355580227
9782355580260,235558026X
9782355580277,2355580278
9782355580307,2355580308
9782355580314,2355580316
9782355580321,2355580324
9782355580376,2355580375
9782355580383,2355580383
9782355580390,2355580391
9782355580420,2355580421
9782355580437,235558043X
9782355580444,2355580448
9782355580451,2355580456
9782355580512,2355580510
9782355580529,2355580529
9782355580536,2355580537
9782355580666,2355580669
9782355580673,2355580677
9782355580680,2355580685
9782355580697,2355580693
9782355580703,2355580707
9782355580802,2355580804
9782355580826,2355580820
9782355580840,2355580847
9782355580871,2355580871
9782355580888,235558088X
9782355581168,2355581169
9782355581182,2355581185
9782355581472,2355581479
9782355581489,2355581487
9782355581533,2355581533
9782355581540,2355581541
9782355581557,235558155X
9782355581564,2355581568
9782355581571,2355581576
9782355581588,2355581584
9782355581595,2355581592
9782355581601,2355581606
9782355581618,
9782355581649,2355581649
9782355581656,2355581657
9782355581663,
9782355581670,2355581673
9782355581687,2355581681
9782355581694,
9782355581700,2355581703
9782355581731,2355581738
9782355581748,2355581746
9782355581755,
9782355581762,2355581762
9782355581779,2355581770
9782355581786,2355581789
9782355581793,
9782355581809,2355581800
9782355640636,2355640637
9782355640674,235564067X
9782355640988,235564098X
9782355641039,235564103X
9782355641107,2355641102
9782355641121,2355641129
9782355641176,235564117X
9782355641589,
9782355641701,2355641706
9782355641886,2355641889
9782355641893,2355641897
9782355641909,2355641900
9782355641930,
9782355641947,
9782355641954,2355641951
9782355641961,
9782355641985,
9782355641992,2355641994
9782355642012,
9782355642098,
9782355642111,
9782355642159,235564215X
9782355642166,2355642168
9782355642203,
9782355642210,
9782355642227,2355642222
9782355642289,
9782355642296,235564229X
9782355642395,
9782355642401,
9782355642418,
9782355642463,
9782355642470,
9782355642487,
9782355642524,
9782355642548,
9782355670442,2355670447
9782355670619,
9782355670633,2355670633
9782355670725,
9782355670886,
9782355671371,
9782355671395,2355671397
9782355720109,235572010X
9782355720130,
9782355720208,2355720207
9782355720215,
9782355720239,
9782355720246,
9782355720291,
9782355720307,2355720304
9782355720314,2355720312
9782355720345,
9782355720383,
9782355720413,235572041X
9782355720420,
9782355720437,
9782355720444,
9782355720451,2355720452
9782355720482,
9782355720499,
9782355720581,
9782355720604,
9782355720628,
9782355720635,2355720630
9782355720864,
9782355720895,2355720894
9782355720932,2355720932
9782355720956,2355720959
9782355720963,
9782355721076,2355721076
9782355721090,2355721092
9782355721120,2355721122
9782355721137,
9782355721168,2355721165
9782355721175,2355721173
9782355721212,2355721211
9782355721229,235572122X
9782355721236,
9782355721243,2355721246
9782355721267,2355721262
9782355721298,
9782355721311,
9782355721328,
9782355721342,
9782355721403,
9782355721625,
9782355721724,
9782355721861,
9782355721892,2355721890
9782355721908,
9782355721939,
9782355721953,
9782355721977,2355721971
9782355721984,235572198X
9782355721991,2355721998
9782355722004,2355722005
9782355722011,
9782355722059,
9782355730283,
9782355730351,2355730350
9782355730399,2355730393
9782355730412,2355730415
9782355730429,2355730423
9782355730436,
9782355730443,
9782355730535,
9782355730542,
9782355730733,
9782355730818,2355730814
9782355731037,
9782355731228,
9782355731242,2355731241
9782355731457,
9782355731495,
9782355731969,
9782355731976,
9782355731983,
9782355731990,
9782355732010,
9782355732263,
9782355732423,
9782355732430,
9782355732492,
9782355740718,2355740712
9782355740725,2355740720
9782355740855,2355740852
9782355740879,2355740879
9782355740923,2355740925
9782355741029,2355741026
9782355741166,2355741166
9782355741173,2355741174
9782355741395,2355741395
9782355741432,2355741433
9782355741531,2355741530
9782355741548,2355741549
9782355741746,2355741743
9782355741753,2355741751
9782355741760,235574176X
9782355741784,2355741786
9782355741807,2355741808
9782355742750,2355742758
9782355742859,2355742855
9782355742873,2355742871
9782355742903,2355742901
9782355742910,235574291X
9782355742927,2355742928
9782355743160,2355743169
9782355743566,2355743568
9782355743597,2355743592
9782355743603,2355743606
9782355743627,2355743622
9782355743634,2355743630
9782355743658,2355743657
9782355743672,2355743673
9782355743689,2355743681
9782355744440,2355744440
9782355744457,2355744459
9782355744471,2355744475
9782355744488,2355744483
9782355744501,2355744505
9782355744532,235574453X
9782355744549,2355744548
9782355744556,2355744556
9782355744563,2355744564
9782355744570,2355744572
9782355744587,2355744580
9782355744600,2355744602
9782355744617,2355744610
9782355744624,2355744629
9782355744631,2355744637
9782355744655,2355744653
9782355744662,2355744661
9782355744679,235574467X
9782355744686,2355744688
9782355744693,2355744696
9782355744716,2355744718
9782355744723,2355744726
9782355744730,2355744734
9782355744747,2355744742
9782355744754,2355744750
9782355744761,
9782355744778,
9782355744785,
9782355744808,
9782355744815,
9782355744822,
9782355744839,
9782355744846,
9782355744853,2355744858
9782355744860,
9782355744877,
9782355744884,
9782355744891,
9782355744907,
9782355744938,
9782355744945,
9782355744952,2355744955
9782355744983,235574498X
9782355744990,
9782355745003,
9782355745010,
9782355745027,
9782355745034,235574503X
9782355745041,
9782355745058,
9782355745065,
9782355745096,
9782355745102,
9782355745119,2355745110
9782355745126,
9782355745133,
9782355745140,
9782355745157,
9782355745164,
9782355745171,
9782355770005,235577000X
9782355770029,2355770026
9782355770036,2355770034
9782355770043,2355770042
9782355770050,2355770050
9782355770067,2355770069
9782355770074,
9782355770081,
9782355770098,2355770093
9782355770104,2355770107
9782355770111,2355770115
9782355770128,2355770123
9782355770135,
9782355770142,
9782355770166,
9782355770173,2355770174
9782355770203,2355770204
9782355770258,
9782355770456,
9782355770517,2355770514
9782355770524,
9782355770531,
9782355770548,2355770549
9782355770630,2355770638
9782355770647,
9782355770654,2355770654
9782355770661,2355770662
9782355770999,
9782355771040,
9782355771095,235577109X
9782355771279,
9782355771323,
9782355771392,
9782355771415,2355771413
9782355771521,
9782355771538,
9782355771569,
9782355771576,235577157X
9782355771590,
9782355771651,
9782355771682,
9782355771705,2355771707
9782355771729,2355771723
9782355771736,2355771731
9782355771743,235577174X
9782355771750,
9782355771774,
9782355771781,
9782355771798,
9782355771804,2355771804
9782355771811,
9782355771828,
9782355771835,
9782355771842,2355771847
9782355771866,2355771863
9782355771873,2355771871
9782355771903,2355771901
9782355771927,
9782355771934,
9782355771941,2355771944
9782355771958,
9782355771972,
9782355771989,
9782355772009,2355772002
9782355772047,
9782355772054,
9782355772085,
9782355772184,
9782355772191,
9782355772207,
9782355772214,
9782355780530,2355780536
9782355780714,2355780714
9782355780721,
9782355780752,
9782355780851,2355780854
9782355780868,
9782355800269,235580026X
9782355800276,2355800278
9782355800283,2355800286
9782355800290,2355800294
9782355800306,2355800308
9782355800313,2355800316
9782355800320,2355800324
9782355800337,2355800332
9782355800405,2355800405
9782355800412,2355800413
9782355830150,
9782355830914,
9782355830921,2355830924
9782355831522,
9782355831546,
9782355831553,
9782355832154,2355832153
9782355832215,
9782355832222,
9782355832239,
9782355832246,2355832242
9782355832260,
9782355832277,2355832277
9782355832284,
9782355832314,
9782355832321,
9782355832338,
9782355832345,
9782355832352,
9782355832369,2355832366
9782355832376,
9782355832383,
9782355832406,
9782355832468,
9782355832475,2355832471
9782355832499,2355832498
9782355832505,2355832501
9782355832512,
9782355832529,
9782355832543,
9782355832550,
9782355832567,
9782355832574,
9782355832598,
9782355832604,
9782355832611,
9782355832659,
9782355832673,
9782355832697,2355832692
9782355832703,
9782355832734,
9782355832741,2355832749
9782355832772,
9782355832789,
9782355832802,
9782355832819,
9782355832826,
9782355832833,
9782355832857,
9782355832895,
9782355832901,
9782355832918,
9782355832932,
9782355832949,
9782355832956,
9782355832963,
9782355832970,
9782355840302,235584030X
9782355840333,2355840334
9782355840395,2355840393
9782355840418,2355840415
9782355840432,2355840431
9782355840487,2355840482
9782355840593,2355840598
9782355840654,2355840652
9782355840678,2355840679
9782355840715,2355840717
9782355840739,2355840733
9782355841071,2355841071
9782355841101,2355841101
9782355841118,235584111X
9782355841125,2355841128
9782355841170,2355841179
9782355841187,2355841187
9782355841194,2355841195
9782355841262,2355841268
9782355841651,2355841659
9782355841941,2355841942
9782355842023,2355842027
9782355842276,2355842272
9782355842351,2355842353
9782355842375,235584237X
9782355842436,2355842434
9782355842498,2355842493
9782355842573,2355842574
9782355842597,2355842590
9782355842733,2355842736
9782355842764,2355842760
9782355843211,235584321X
9782355843228,2355843228
9782355843686,
9782355843747,
9782355845062,2355845069
9782355846458,2355846456
9782355846618,2355846618
9782355846649,2355846642
9782355846748,235584674X
9782355846922,2355846928
9782355846939,2355846936
9782355846960,2355846960
9782355846977,2355846979
9782355846984,2355846987
9782355847196,2355847193
9782355847264,2355847266
9782355847288,2355847282
9782355847295,2355847290
9782355847318,2355847312
9782355847332,2355847339
9782355847349,2355847347
9782355847394,2355847398
9782355847516,2355847517
9782355847561,2355847568
9782355847639,2355847630
9782355847646,2355847649
9782355847653,2355847657
9782355847660,2355847665
9782355847677,2355847673
9782355847684,2355847681
9782355847769,2355847762
9782355847776,2355847770
9782355847783,2355847789
9782355847806,2355847800
9782355847813,2355847819
9782355847820,2355847827
9782355847868,235584786X
9782355847899,2355847894
9782355847936,2355847932
9782355847950,2355847959
9782355847967,2355847967
9782355848094,
9782355848124,2355848122
9782355848131,2355848130
9782355848148,2355848149
9782355848155,2355848157
9782355848209,2355848203
9782355848254,2355848254
9782355848339,2355848335
9782355848346,2355848343
9782355848360,
9782355848391,
9782355848407,2355848408
9782355890109,2355890102
9782355921155,2355921156
9782355921452,2355921458
9782355921551,2355921555
9782355921681,2355921687
9782355921759,235592175X
9782355921766,2355921768
9782355921773,2355921776
9782355921872,2355921873
9782355921964,2355921962
9782355921995,2355921997
9782355922053,2355922055
9782355922060,2355922063
9782355922138,2355922136
9782355922206,2355922209
9782355922213,2355922217
9782355922268,2355922268
9782355922305,2355922306
9782355922312,2355922314
9782355922374,2355922373
9782355922435,2355922438
9782355922459,2355922454
9782355922466,2355922462
9782355922503,2355922500
9782355922510,2355922519
9782355922589,2355922586
9782355922664,2355922667
9782355922671,2355922675
9782355922688,2355922683
9782355922701,2355922705
9782355922749,2355922748
9782355922756,2355922756
9782355922824,2355922829
9782355922831,2355922837
9782355922848,2355922845
9782355922855,2355922853
9782355922879,235592287X
9782355922886,2355922888
9782355922930,2355922934
9782355922985,2355922985
9782355923050,2355923051
9782355923067,235592306X
9782355923074,2355923078
9782355923081,2355923086
9782355923128,2355923124
9782355923135,2355923132
9782355923159,2355923159
9782355923166,2355923167
9782355923180,2355923183
9782355923210,2355923213
9782355923289,2355923280
9782355923333,2355923337
9782355923357,2355923353
9782355923364,2355923361
9782355923371,235592337X
9782355923388,2355923388
9782355923395,2355923396
9782355923418,2355923418
9782355923432,2355923434
9782355923449,2355923442
9782355923456,2355923450
9782355923463,2355923469
9782355923487,2355923485
9782355923500,2355923507
9782355923609,2355923604
9782355923661,2355923663
9782355923678,2355923671
9782355923692,2355923698
9782355923708,2355923701
9782355923715,235592371X
9782355923722,2355923728
9782355923739,2355923736
9782355923746,2355923744
9782355923753,2355923752
9782355923777,2355923779
9782355923906,2355923906
9782355923913,2355923914
9782355923920,2355923922
9782355923982,2355923981
9782355923999,235592399X
9782355924002,2355924007
9782355924019,2355924015
9782355924026,2355924023
9782355924057,2355924058
9782355924064,2355924066
9782355924088,2355924082
9782355924132,2355924139
9782355924149,2355924147
9782355924156,2355924155
9782355924163,2355924163
9782355924170,2355924171
9782355924187,235592418X
9782355924194,2355924198
9782355924231,2355924236
9782355924248,2355924244
9782355924255,2355924252
9782355924262,2355924260
9782355924279,2355924279
9782355924286,2355924287
9782355924330,2355924333
9782355924347,2355924341
9782355924354,235592435X
9782355924378,2355924376
9782355924392,2355924392
9782355924408,2355924406
9782355924446,2355924449
9782355924453,2355924457
9782355924460,2355924465
9782355924491,235592449X
9782355924507,2355924503
9782355924514,2355924511
9782355924521,235592452X
9782355924538,2355924538
9782355924835,235592483X
9782355924842,2355924848
9782355924934,2355924937
9782355925016,2355925011
9782355925207,2355925208
9782355925313,2355925313
9782355925405,2355925402
9782355925504,235592550X
9782355925559,2355925550
9782355925610,2355925615
9782355925627,2355925623
9782355925733,2355925739
9782355925740,2355925747
9782355925757,2355925755
9782355925764,2355925763
9782355925771,2355925771
9782355925795,2355925798
9782355925849,2355925844
9782355925856,2355925852
9782355925887,2355925887
9782355925900,2355925909
9782355925917,2355925917
9782355925948,2355925941
9782355925955,235592595X
9782355925979,2355925976
9782355926006,235592600X
9782355926013,2355926018
9782355926037,2355926034
9782355926044,2355926042
9782355926051,2355926050
9782355926075,2355926077
9782355926082,2355926085
9782355926105,2355926107
9782355926112,2355926115
9782355926129,2355926123
9782355926136,2355926131
9782355926143,235592614X
9782355926150,2355926158
9782355926181,2355926182
9782355926198,2355926190
9782355926211,2355926212
9782355926280,235592628X
9782355926297,2355926298
9782355926303,2355926301
9782355926341,2355926344
9782355926358,2355926352
9782355926464,2355926468
9782355926518,2355926514
9782355926525,2355926522
9782355926532,2355926530
9782355926549,2355926549
9782355926556,2355926557
9782355926563,2355926565
9782355926600,2355926603
9782355926617,2355926611
9782355926624,235592662X
9782355926631,2355926638
9782355926716,2355926719
9782355926730,2355926735
9782355926747,2355926743
9782355926754,2355926751
9782355926761,235592676X
9782355926778,2355926778
9782355926792,2355926794
9782355926808,2355926808
9782355926815,2355926816
9782355926839,2355926832
9782355926846,2355926840
9782355926907,2355926905
9782355926921,2355926921
9782355926938,235592693X
9782355926945,2355926948
9782355926952,2355926956
9782355926969,2355926964
9782355926976,2355926972
9782355926990,2355926999
9782355927096,235592709X
9782355927102,2355927103
9782355927119,2355927111
9782355927133,2355927138
9782355927140,2355927146
9782355927157,2355927154
9782355927188,2355927189
9782355927195,2355927197
9782355927201,2355927200
9782355927218,2355927219
9782355927270,2355927278
9782355927287,2355927286
9782355927294,2355927294
9782355927300,2355927308
9782355927348,2355927340
9782355927355,2355927359
9782355927362,2355927367
9782355927379,2355927375
9782355927416,2355927413
9782355927423,2355927421
9782355927447,2355927448
9782355927461,2355927464
9782355927478,2355927472
9782355927492,2355927499
9782355927508,2355927502
9782355927515,2355927510
9782355927522,2355927529
9782355927539,2355927537
9782355927546,2355927545
9782355927553,2355927553
9782355927560,2355927561
9782355927591,2355927596
9782355927607,235592760X
9782355927690,2355927693
9782355929212,2355929211
9782355929601,2355929602
9782355929816,2355929815
9782355929991,2355929998
9782355970061,2355970068
9782355970092,2355970092
9782355970108,2355970106
9782355970122,2355970122
9782355970139,
9782355970160,2355970165
9782355970191,235597019X
9782355970207,2355970203
9782355970238,2355970238
9782355970245,2355970246
9782355970252,2355970254
9782355970382,2355970386
9782355970399,2355970394
9782355970405,2355970408
9782355970429,2355970424
9782355970436,
9782355970443,
9782355970450,
9782355970467,
9782355970474,
9782355970481,
9782355990380,2355990387
9782355990397,2355990395
9782355990496,2355990492
9782355990519,2355990514
9782355990533,2355990530
9782355990557,2355990557
9782355990625,235599062X
9782355990632,2355990638
9782355990649,2355990646
9782355990717,2355990719
9782355990724,2355990727
9782355990731,2355990735
9782355990748,2355990743
9782355990755,2355990751
9782355990793,2355990794
9782355990854,2355990859
9782355990878,2355990875
9782355990885,2355990883
9782355990892,2355990891
9782355990922,2355990921
9782355990946,2355990948
9782355990977,2355990972
9782355991004,2355991006
9782355991066,2355991065
9782355991073,2355991073
9782355991103,2355991103
9782355991127,235599112X
9782355991189,2355991189
9782355991196,2355991197
9782355991233,2355991235
9782355991349,2355991340
9782355991363,2355991367
9782355991493,2355991499
9782355991547,2355991545
9782355991561,2355991561
9782355991592,2355991596
9782355991608,235599160X
9782355991615,2355991618
9782355991639,2355991634
9782355991646,2355991642
9782355991660,2355991669
9782355991899,2355991898
9782355991936,2355991936
9782355991943,2355991944
9782355993039,2355993033
9782355993268,2355993262
9782355993275,2355993270
9782355993299,2355993297
9782355993329,2355993327
9782355993374,2355993378
9782355993381,2355993386
9782355993404,2355993408
9782355993428,2355993424
9782355993442,2355993440
9782355993459,2355993459
9782355993466,2355993467
9782355993473,2355993475
9782355993480,2355993483
9782355993497,
9782355993503,
9782355993534,235599353X
9782355993541,2355993548
9782355993565,2355993564
9782355993572,2355993572
9782355993589,
9782355993596,
9782355993626,2355993629
9782355993633,
9782355993640,2355993645
9782355993657,
9782355993695,
9782355993701,
9782355993718,2355993718
9782355993725,
9782355993732,
9782355993770,2355993777
9782355993787,2355993785
9782355993800,
9782356030023,2356030026
9782356030030,2356030034
9782356030054,2356030050
9782356030085,2356030085
9782356030115,2356030115
9782356030122,2356030123
9782356030139,2356030131
9782356030146,235603014X
9782356030153,2356030158
9782356030160,2356030166
9782356030177,
9782356030191,2356030190
9782356030221,2356030220
9782356030238,2356030239
9782356030245,
9782356030252,
9782356030283,235603028X
9782356060273,
9782356070012,
9782356070029,2356070028
9782356070036,2356070036
9782356070043,2356070044
9782356070098,2356070095
9782356070104,2356070109
9782356070135,2356070133
9782356070166,2356070168
9782356070173,2356070176
9782356070197,2356070192
9782356070227,2356070222
9782356070234,2356070230
9782356070241,2356070249
9782356070258,2356070257
9782356070265,2356070265
9782356070272,2356070273
9782356070302,2356070303
9782356070319,2356070311
9782356070357,2356070354
9782356070364,2356070362
9782356070371,2356070370
9782356070388,2356070389
9782356070395,2356070397
9782356070401,2356070400
9782356070418,2356070419
9782356070425,2356070427
9782356070432,
9782356070449,2356070443
9782356070456,2356070451
9782356070463,
9782356070470,2356070478
9782356070487,2356070486
9782356070494,
9782356070500,2356070508
9782356070524,2356070524
9782356070548,
9782356070555,2356070559
9782356070562,2356070567
9782356070593,2356070591
9782356070609,2356070605
9782356070616,2356070613
9782356070623,2356070621
9782356070630,235607063X
9782356070654,2356070656
9782356070661,2356070664
9782356070685,2356070680
9782356070692,2356070699
9782356070708,2356070702
9782356070715,2356070710
9782356070722,2356070729
9782356070739,2356070737
9782356070746,
9782356070753,
9782356070777,235607077X
9782356070784,2356070788
9782356070814,2356070818
9782356070821,
9782356070838,2356070834
9782356070845,2356070842
9782356070852,2356070850
9782356070869,2356070869
9782356070876,2356070877
9782356070883,
9782356070890,2356070893
9782356070906,2356070907
9782356070920,2356070923
9782356070944,235607094X
9782356070951,2356070958
9782356070968,2356070966
9782356070975,2356070974
9782356070982,2356070982
9782356071002,2356071008
9782356071019,2356071016
9782356071026,2356071024
9782356071033,2356071032
9782356071088,2356071083
9782356071095,
9782356071118,2356071113
9782356071125,2356071121
9782356071132,235607113X
9782356071149,2356071148
9782356071156,2356071156
9782356071163,2356071164
9782356071170,2356071172
9782356071187,2356071180
9782356071200,
9782356071217,2356071210
9782356071224,
9782356071231,2356071237
9782356071248,2356071245
9782356071255,2356071253
9782356071262,2356071261
9782356071279,
9782356071286,2356071288
9782356071293,2356071296
9782356071323,
9782356071330,2356071334
9782356071347,2356071342
9782356071361,2356071369
9782356071378,2356071377
9782356071385,
9782356071392,2356071393
9782356071408,
9782356071439,2356071431
9782356071446,235607144X
9782356071453,2356071458
9782356071460,
9782356071484,2356071482
9782356071491,2356071490
9782356071507,
9782356071521,2356071520
9782356071545,2356071547
9782356071552,2356071555
9782356071576,2356071571
9782356071583,235607158X
9782356071606,2356071601
9782356071613,235607161X
9782356071620,2356071628
9782356071637,2356071636
9782356071651,
9782356071668,2356071660
9782356071675,2356071679
9782356071682,2356071687
9782356071699,2356071695
9782356071705,
9782356071712,2356071717
9782356071729,2356071725
9782356071736,2356071733
9782356071743,2356071741
9782356071750,
9782356071767,2356071768
9782356071774,2356071776
9782356071781,2356071784
9782356071798,2356071792
9782356071804,2356071806
9782356071811,
9782356071828,2356071822
9782356071835,2356071830
9782356071842,
9782356071859,
9782356071873,2356071873
9782356071880,2356071881
9782356071897,235607189X
9782356071903,2356071903
9782356071910,
9782356071927,
9782356071934,2356071938
9782356071941,2356071946
9782356071958,2356071954
9782356071972,2356071970
9782356071989,2356071989
9782356071996,2356071997
9782356072016,2356072012
9782356072023,2356072020
9782356072030,2356072039
9782356072047,2356072047
9782356072054,2356072055
9782356072061,2356072063
9782356072078,2356072071
9782356072085,235607208X
9782356072108,
9782356072115,235607211X
9782356072122,2356072128
9782356072146,
9782356072153,2356072152
9782356072160,2356072160
9782356072177,2356072179
9782356072184,2356072187
9782356072191,2356072195
9782356072207,2356072209
9782356072238,
9782356072245,
9782356072252,235607225X
9782356072269,2356072268
9782356072276,2356072276
9782356072283,
9782356072290,
9782356072306,2356072306
9782356072313,2356072314
9782356072337,2356072330
9782356072344,
9782356072351,
9782356072368,2356072365
9782356072375,2356072373
9782356072382,2356072381
9782356072436,2356072438
9782356072443,2356072446
9782356072450,2356072454
9782356072467,2356072462
9782356072474,2356072470
9782356072481,2356072489
9782356072498,2356072497
9782356072528,
9782356072535,2356072535
9782356072559,2356072551
9782356072566,235607256X
9782356072573,2356072578
9782356072580,2356072586
9782356072597,2356072594
9782356072603,
9782356072610,2356072616
9782356072627,2356072624
9782356072658,2356072659
9782356072665,2356072667
9782356072672,2356072675
9782356072689,2356072683
9782356072696,2356072691
9782356072702,2356072705
9782356072726,2356072721
9782356072733,
9782356072740,2356072748
9782356072757,2356072756
9782356072764,
9782356072771,2356072772
9782356072788,2356072780
9782356072795,2356072799
9782356072801,
9782356072818,2356072810
9782356072825,2356072829
9782356072832,2356072837
9782356072849,2356072845
9782356072856,2356072853
9782356072863,2356072861
9782356072870,
9782356072887,2356072888
9782356072894,2356072896
9782356072900,
9782356072917,2356072918
9782356072924,2356072926
9782356072931,2356072934
9782356072948,2356072942
9782356072955,2356072950
9782356072962,2356072969
9782356072979,2356072977
9782356072986,2356072985
9782356072993,2356072993
9782356073006,2356073000
9782356073013,2356073019
9782356073020,2356073027
9782356073037,2356073035
9782356073044,2356073043
9782356073068,235607306X
9782356073075,2356073078
9782356073082,2356073086
9782356073099,2356073094
9782356073105,2356073108
9782356073112,2356073116
9782356073129,2356073124
9782356073136,2356073132
9782356073143,
9782356073174,
9782356073181,2356073183
9782356073198,2356073191
9782356073204,2356073205
9782356073228,
9782356073235,235607323X
9782356073242,
9782356073259,2356073256
9782356073266,
9782356073297,2356073299
9782356073303,
9782356073341,2356073345
9782356073358,
9782356073365,2356073361
9782356073372,
9782356073389,2356073388
9782356073402,
9782356073419,2356073418
9782356073426,2356073426
9782356073433,
9782356073488,2356073485
9782356073495,2356073493
9782356073501,2356073507
9782356073518,2356073515
9782356073525,
9782356073532,2356073531
9782356073549,
9782356073563,2356073566
9782356073570,
9782356073587,2356073582
9782356073594,2356073590
9782356073600,2356073604
9782356073617,2356073612
9782356073624,2356073620
9782356073631,2356073639
9782356073648,
9782356073655,2356073655
9782356073662,2356073663
9782356073679,2356073671
9782356073686,235607368X
9782356073693,2356073698
9782356073709,
9782356073716,235607371X
9782356073723,2356073728
9782356073730,
9782356073747,2356073744
9782356073754,2356073752
9782356073761,2356073760
9782356073778,2356073779
9782356073785,2356073787
9782356073792,2356073795
9782356073808,2356073809
9782356073815,
9782356073822,2356073825
9782356073839,2356073833
9782356073846,2356073841
9782356073853,235607385X
9782356073860,2356073868
9782356073877,2356073876
9782356073884,
9782356073891,
9782356073907,2356073906
9782356073914,
9782356073921,2356073922
9782356073938,2356073930
9782356073945,2356073949
9782356073952,2356073957
9782356073969,2356073965
9782356073976,2356073973
9782356073983,
9782356074003,2356074007
9782356074010,
9782356074072,2356074074
9782356074089,2356074082
9782356074096,2356074090
9782356074119,
9782356074126,2356074120
9782356074133,2356074139
9782356074140,
9782356074164,2356074163
9782356074171,
9782356074188,235607418X
9782356074195,2356074198
9782356074201,
9782356074218,235607421X
9782356074225,2356074228
9782356074232,2356074236
9782356074256,2356074252
9782356074263,2356074260
9782356074270,2356074279
9782356074287,2356074287
9782356074294,2356074295
9782356074300,2356074309
9782356074317,2356074317
9782356074324,
9782356074331,2356074333
9782356074348,2356074341
9782356074355,235607435X
9782356074362,2356074368
9782356074379,2356074376
9782356074386,2356074384
9782356074393,2356074392
9782356074409,2356074406
9782356074416,2356074414
9782356074423,2356074422
9782356074430,
9782356074447,2356074449
9782356074461,2356074465
9782356074485,
9782356074492,235607449X
9782356074508,2356074503
9782356074539,2356074538
9782356074546,2356074546
9782356074553,2356074554
9782356074560,2356074562
9782356074577,
9782356074584,2356074589
9782356074591,2356074597
9782356074607,2356074600
9782356074621,2356074627
9782356074638,2356074635
9782356074645,2356074643
9782356074652,2356074651
9782356074669,235607466X
9782356074720,2356074724
9782356074744,2356074740
9782356074751,2356074759
9782356074768,2356074767
9782356074782,
9782356074805,
9782356074812,2356074813
9782356074829,2356074821
9782356074836,235607483X
9782356074843,2356074848
9782356074850,2356074856
9782356074867,
9782356074881,2356074880
9782356074898,2356074899
9782356074904,2356074902
9782356074911,2356074910
9782356074928,2356074929
9782356074935,
9782356074942,2356074945
9782356074959,
9782356074966,2356074961
9782356074980,2356074988
9782356075000,2356075003
9782356075024,235607502X
9782356075031,2356075038
9782356075048,2356075046
9782356075055,2356075054
9782356075062,2356075062
9782356075086,2356075089
9782356075093,2356075097
9782356075109,2356075100
9782356075116,2356075119
9782356075123,2356075127
9782356075130,
9782356075147,2356075143
9782356075154,2356075151
9782356075192,2356075194
9782356075208,2356075208
9782356075215,2356075216
9782356075239,2356075232
9782356075246,2356075240
9782356075277,2356075275
9782356075284,2356075283
9782356075291,2356075291
9782356075307,2356075305
9782356075321,2356075321
9782356075338,
9782356075352,
9782356075383,
9782356075390,
9782356075406,2356075402
9782356075413,2356075410
9782356075420,2356075429
9782356075444,2356075445
9782356075451,2356075453
9782356075475,235607547X
9782356075482,
9782356075505,235607550X
9782356075512,
9782356075529,2356075526
9782356075536,2356075534
9782356075543,2356075542
9782356075574,2356075577
9782356075581,
9782356075598,2356075593
9782356075628,2356075623
9782356075635,2356075631
9782356075666,
9782356075673,2356075674
9782356075680,2356075682
9782356075697,2356075690
9782356075703,2356075704
9782356075710,
9782356075727,2356075720
9782356075741,
9782356075758,2356075755
9782356075765,
9782356075772,2356075771
9782356075789,235607578X
9782356075826,2356075828
9782356075840,
9782356075864,
9782356075871,
9782356075888,2356075887
9782356075895,2356075895
9782356075901,2356075909
9782356075925,2356075925
9782356075932,2356075933
9782356075949,2356075941
9782356075956,235607595X
9782356075963,2356075968
9782356075970,2356075976
9782356075994,2356075992
9782356076014,
9782356076021,
9782356076038,
9782356076052,
9782356076076,2356076077
9782356076083,2356076085
9782356076113,2356076115
9782356076120,
9782356076144,
9782356076151,2356076158
9782356076168,2356076166
9782356076175,2356076174
9782356076182,
9782356076199,2356076190
9782356076205,2356076204
9782356076229,
9782356076236,2356076239
9782356076243,2356076247
9782356076250,2356076255
9782356076267,
9782356076281,
9782356076298,2356076298
9782356076304,2356076301
9782356076328,2356076328
9782356076359,
9782356076366,2356076360
9782356076373,2356076379
9782356076380,2356076387
9782356076397,
9782356076403,2356076409
9782356076410,2356076417
9782356076427,
9782356076434,2356076433
9782356076441,2356076441
9782356076458,
9782356076465,
9782356076472,2356076476
9782356076489,
9782356076496,
9782356076502,
9782356076519,
9782356076526,
9782356076533,
9782356076540,
9782356076557,2356076557
9782356076564,2356076565
9782356076571,
9782356076595,
9782356076601,
9782356076618,
9782356076632,2356076638
9782356076656,2356076654
9782356076663,
9782356076670,
9782356076687,
9782356076694,2356076697
9782356076700,
9782356076717,2356076719
9782356076724,
9782356076748,
9782356076755,
9782356076762,
9782356076779,
9782356076786,
9782356076793,
9782356076809,
9782356076816,2356076816
9782356076823,2356076824
9782356076830,
9782356076847,2356076840
9782356076878,
9782356076885,
9782356076908,2356076905
9782356076915,
9782356076939,
9782356076946,
9782356076984,
9782356076991,
9782356077004,2356077006
9782356077011,
9782356077028,
9782356077066,
9782356077080,
9782356077097,
9782356077103,
9782356077110,
9782356077127,
9782356077134,2356077138
9782356077158,2356077154
9782356077165,2356077162
9782356077172,2356077170
9782356077189,
9782356077219,2356077219
9782356077226,
9782356077233,
9782356077257,2356077251
9782356077264,
9782356077271,
9782356077288,2356077286
9782356077295,
9782356077301,
9782356077325,2356077324
9782356077332,2356077332
9782356077363,2356077367
9782356077387,
9782356077400,2356077405
9782356077417,2356077413
9782356077424,2356077421
9782356077431,235607743X
9782356077448,
9782356077462,
9782356077479,
9782356077486,2356077480
9782356077523,
9782356077554,
9782356077561,
9782356077578,
9782356077592,
9782356077608,
9782356077615,2356077618
9782356077622,2356077626
9782356077639,
9782356077646,2356077642
9782356077653,
9782356077660,
9782356077677,
9782356077684,
9782356077691,
9782356077707,
9782356077721,
9782356077738,
9782356077745,
9782356077752,
9782356077769,
9782356077776,
9782356077783,
9782356077806,
9782356077905,2356077901
9782356077912,235607791X
9782356077943,
9782356077950,2356077952
9782356077967,2356077960
9782356077974,2356077979
9782356077981,2356077987
9782356077998,2356077995
9782356078001,2356078002
9782356078018,2356078010
9782356078032,2356078037
9782356078049,
9782356078056,2356078053
9782356078063,2356078061
9782356078070,235607807X
9782356078100,
9782356078124,
9782356078131,2356078134
9782356078148,2356078142
9782356078155,2356078150
9782356078162,2356078169
9782356078179,2356078177
9782356078186,2356078185
9782356078193,2356078193
9782356078209,2356078207
9782356078216,2356078215
9782356078247,235607824X
9782356078254,2356078258
9782356078261,2356078266
9782356078278,2356078274
9782356078285,2356078282
9782356078292,2356078290
9782356078308,2356078304
9782356078322,2356078320
9782356078346,
9782356078353,
9782356078360,2356078363
9782356078377,2356078371
9782356078384,235607838X
9782356078391,
9782356078414,235607841X
9782356078421,2356078428
9782356078445,
9782356078469,2356078460
9782356078476,
9782356078483,2356078487
9782356078490,
9782356078506,2356078509
9782356078513,2356078517
9782356078537,
9782356078544,2356078541
9782356078551,
9782356078568,2356078568
9782356078575,2356078576
9782356078582,
9782356078612,2356078614
9782356078629,2356078622
9782356078643,2356078649
9782356078650,
9782356078667,
9782356078674,2356078673
9782356078681,
9782356078698,
9782356078704,2356078703
9782356078711,2356078711
9782356078728,235607872X
9782356078735,
9782356078742,2356078746
9782356078766,2356078762
9782356078773,
9782356078810,2356078819
9782356078827,2356078827
9782356078834,2356078835
9782356078841,2356078843
9782356078858,2356078851
9782356078865,
9782356078872,
9782356078889,
9782356078902,
9782356078919,2356078916
9782356078926,2356078924
9782356078964,
9782356078971,
9782356078988,
9782356078995,2356078991
9782356079008,
9782356079015,2356079017
9782356079022,
9782356079039,
9782356079046,
9782356079053,235607905X
9782356079060,2356079068
9782356079077,
9782356079084,
9782356079091,2356079092
9782356079107,
9782356079114,2356079114
9782356079121,
9782356079138,
9782356079152,
9782356079169,
9782356079176,
9782356079183,2356079181
9782356079206,
9782356079220,235607922X
9782356079244,2356079246
9782356079251,
9782356079268,
9782356079275,
9782356079282,2356079289
9782356079305,2356079300
9782356079312,
9782356079329,
9782356079336,
9782356079343,
9782356079350,
9782356079374,
9782356079411,
9782356079428,
9782356079435,
9782356079459,2356079459
9782356079466,2356079467
9782356079480,2356079483
9782356079497,
9782356079510,
9782356079541,
9782356079558,2356079556
9782356079572,
9782356079589,
9782356079596,
9782356079602,
9782356079626,2356079629
9782356079633,2356079637
9782356079640,
9782356079657,
9782356079664,
9782356079688,
9782356079695,2356079696
9782356079701,235607970X
9782356079718,
9782356079732,
9782356079749,
9782356079763,2356079769
9782356079787,
9782356079794,
9782356079817,2356079815
9782356079824,
9782356079848,235607984X
9782356079862,2356079866
9782356079886,
9782356079909,
9782356079916,
9782356079930,2356079939
9782356079954,2356079955
9782356079961,
9782356079985,235607998X
9782356080189,235608018X
9782356080226,2356080228
9782356080233,2356080236
9782356080240,2356080244
9782356080257,2356080252
9782356080288,
9782356080301,2356080309
9782356080318,2356080317
9782356080325,2356080325
9782356080332,
9782356080349,2356080341
9782356080363,2356080368
9782356080370,2356080376
9782356080387,2356080384
9782356080394,2356080392
9782356080400,
9782356080417,
9782356080424,2356080422
9782356080431,
9782356080448,2356080449
9782356080455,2356080457
9782356080462,2356080465
9782356080479,2356080473
9782356080493,235608049X
9782356080585,2356080589
9782356080592,2356080597
9782356080608,2356080600
9782356080622,2356080627
9782356080639,2356080635
9782356080660,235608066X
9782356080684,2356080686
9782356080714,2356080716
9782356080745,2356080740
9782356080752,2356080759
9782356080899,
9782356080998,2356080996
9782356081001,
9782356081018,
9782356081025,235608102X
9782356081032,
9782356081049,
9782356081056,2356081054
9782356081070,
9782356081087,
9782356081094,2356081097
9782356081100,2356081100
9782356132093,2356132090
9782356132253,2356132252
9782356132321,2356132325
9782356132352,235613235X
9782356132369,2356132368
9782356132413,2356132414
9782356132420,2356132422
9782356132437,2356132430
9782356132444,2356132449
9782356132451,2356132457
9782356132475,2356132473
9782356132499,235613249X
9782356132505,2356132503
9782356132512,2356132511
9782356132536,2356132538
9782356132543,2356132546
9782356132550,2356132554
9782356132567,2356132562
9782356133205,2356133208
9782356133212,
9782356133229,2356133224
9782356133236,2356133232
9782356133274,2356133275
9782356133298,2356133291
9782356133304,
9782356133311,2356133313
9782356133328,
9782356133335,235613333X
9782356133342,2356133348
9782356133373,2356133372
9782356133380,
9782356133397,
9782356133403,2356133402
9782356133410,
9782356133427,
9782356133434,
9782356133441,2356133445
9782356133458,
9782356133465,
9782356133489,
9782356133496,
9782356133519,
9782356133526,2356133526
9782356133540,
9782356133557,
9782356133564,2356133569
9782356133625,
9782356133632,2356133631
9782356133656,
9782356133663,
9782356133670,
9782356133700,
9782356133717,
9782356133724,
9782356133953,
9782356133960,
9782356134219,
9782356140067,2356140069
9782356140272,2356140271
9782356140296,2356140298
9782356140302,2356140301
9782356140319,235614031X
9782356140326,2356140328
9782356140333,2356140336
9782356140340,2356140344
9782356140357,2356140352
9782356140364,2356140360
9782356140371,2356140379
9782356140388,2356140387
9782356140395,2356140395
9782356140401,2356140409
9782356140425,2356140425
9782356140432,2356140433
9782356140449,2356140441
9782356140456,235614045X
9782356140470,2356140476
9782356140487,2356140484
9782356140494,2356140492
9782356140517,2356140514
9782356140524,2356140522
9782356140531,2356140530
9782356140548,2356140549
9782356140555,2356140557
9782356140562,
9782356140579,2356140573
9782356140586,2356140581
9782356140609,2356140603
9782356140616,2356140611
9782356140623,235614062X
9782356140630,2356140638
9782356140647,2356140646
9782356140654,2356140654
9782356140678,2356140670
9782356140685,2356140689
9782356140692,2356140697
9782356140708,2356140700
9782356140715,2356140719
9782356140722,2356140727
9782356140739,2356140735
9782356140753,2356140751
9782356140760,235614076X
9782356140791,2356140794
9782356140807,
9782356140876,2356140875
9782356140975,2356140972
9782356140982,2356140980
9782356141019,2356141014
9782356141255,2356141251
9782356141262,235614126X
9782356141286,2356141286
9782356141293,2356141294
9782356141309,2356141308
9782356141330,
9782356141347,2356141340
9782356141354,
9782356141378,
9782356141385,
9782356141439,
9782356141453,2356141456
9782356141460,
9782356141477,
9782356141507,
9782356141545,
9782356141552,
9782356141569,
9782356141576,
9782356141613,
9782356141941,
9782356141958,
9782356141965,
9782356141989,
9782356142016,2356142010
9782356180490,
9782356180520,
9782356181251,
9782356181367,
9782356181381,
9782356181398,
9782356181404,
9782356181411,2356181415
9782356181428,2356181423
9782356181435,
9782356181442,
9782356181459,
9782356181466,
9782356181473,2356181474
9782356181480,
9782356181497,
9782356181503,
9782356181510,
9782356181527,
9782356181541,
9782356181565,
9782356181572,
9782356181589,
9782356181596,
9782356181602,
9782356181619,
9782356181626,
9782356181633,
9782356181640,2356181644
9782356181657,
9782356181664,2356181660
9782356181671,
9782356181688,
9782356181695,
9782356181701,
9782356181718,
9782356181725,
9782356181732,
9782356181749,
9782356181756,
9782356181763,2356181768
9782356181770,2356181776
9782356181787,
9782356181794,
9782356181800,
9782356181817,
9782356181824,
9782356181831,2356181830
9782356181848,2356181849
9782356181855,
9782356181862,2356181865
9782356181879,
9782356181886,
9782356181893,
9782356181909,
9782356181916,
9782356181923,
9782356181930,
9782356181947,
9782356181954,
9782356181961,
9782356181978,
9782356181985,
9782356181992,
9782356230003,
9782356230140,
9782356230171,2356230173
9782356230188,2356230181
9782356230195,
9782356230201,
9782356230232,2356230238
9782356230249,2356230246
9782356230270,
9782356230294,
9782356230300,
9782356230317,2356230319
9782356230324,2356230327
9782356230331,2356230335
9782356230348,
9782356230386,
9782356230416,
9782356230447,
9782356230454,2356230459
9782356230461,
9782356230478,
9782356230492,2356230491
9782356230591,
9782356230836,
9782356230843,235623084X
9782356230850,2356230858
9782356230867,
9782356230874,
9782356230881,2356230882
9782356230898,
9782356230904,
9782356230911,
9782356230935,
9782356230942,
9782356230959,2356230955
9782356230966,
9782356230973,
9782356230980,
9782356230997,
9782356231000,
9782356231017,
9782356260017,2356260013
9782356260192,2356260196
9782356260246,2356260242
9782356260642,2356260641
9782356261076,2356261079
9782356330079,2356330070
9782356330239,2356330232
9782356330406,2356330402
9782356330413,
9782356330475,235633047X
9782356330499,2356330496
9782356330789,235633078X
9782356330956,235633095X
9782356330994,2356330992
9782356335081,2356335080
9782356335098,2356335099
9782356335104,
9782356335111,
9782356335197,
9782356335296,
9782356335364,
9782356335395,2356335390
9782356335463,
9782356335487,
9782356335494,
9782356335500,
9782356335517,
9782356335524,
9782356335531,
9782356335548,
9782356350015,2356350012
9782356350022,2356350020
9782356370013,
9782356370020,2356370021
9782356370044,
9782356370075,
9782356370105,
9782356370228,
9782356370235,
9782356370266,2356370269
9782356370303,
9782356370310,
9782356370334,
9782356370358,
9782356370372,
9782356370433,
9782356370440,
9782356370457,
9782356370464,
9782356370471,
9782356370488,
9782356370495,
9782356370501,
9782356370518,
9782356370532,
9782356370549,
9782356370556,
9782356370563,
9782356370587,
9782356370594,
9782356370600,
9782356370624,
9782356370648,
9782356370662,
9782356370679,
9782356370686,
9782356370693,
9782356370709,
9782356370723,
9782356370730,
9782356370747,
9782356370815,
9782356370822,
9782356370846,
9782356370877,
9782356370884,
9782356370945,
9782356370952,2356370951
9782356370969,
9782356370976,
9782356370983,
9782356370990,
9782356371003,
9782356371034,
9782356371041,
9782356371072,
9782356371096,
9782356371102,
9782356371119,
9782356371126,2356371125
9782356371133,2356371133
9782356371140,
9782356371164,
9782356371171,
9782356380227,2356380221
9782356380241,2356380248
9782356380272,2356380272
9782356380302,2356380302
9782356380333,2356380337
9782356380364,2356380361
9782356380395,2356380396
9782356380432,2356380434
9782356380470,2356380477
9782356380500,2356380507
9782356380531,2356380531
9782356380661,2356380663
9782356380692,2356380698
9782356380722,2356380728
9782356380753,2356380752
9782356380784,2356380787
9782356380814,2356380817
9782356381125,2356381120
9782356381507,2356381503
9782356381514,
9782356381521,235638152X
9782356381538,2356381538
9782356381552,
9782356381569,
9782356381576,2356381570
9782356381590,2356381597
9782356381606,2356381600
9782356381613,2356381619
9782356381620,2356381627
9782356381637,2356381635
9782356381644,2356381643
9782356381651,
9782356381668,
9782356390301,2356390308
9782356390462,2356390464
9782356390486,2356390480
9782356390554,
9782356390561,2356390561
9782356390578,235639057X
9782356390592,2356390596
9782356390608,235639060X
9782356390639,2356390634
9782356390646,2356390642
9782356390660,2356390669
9782356390677,2356390677
9782356390684,2356390685
9782356390691,2356390693
9782356390707,
9782356390714,2356390715
9782356390721,2356390723
9782356390738,2356390731
9782356390745,235639074X
9782356390752,2356390758
9782356390776,2356390774
9782356390783,2356390782
9782356390790,2356390790
9782356390806,2356390804
9782356390837,2356390839
9782356390851,2356390855
9782356390875,2356390871
9782356390929,2356390928
9782356390936,2356390936
9782356390943,2356390944
9782356390950,2356390952
9782356390967,2356390960
9782356390974,2356390979
9782356390981,2356390987
9782356391001,2356391002
9782356391018,2356391010
9782356391049,2356391045
9782356391230,2356391231
9782356391278,2356391274
9782356391292,2356391290
9782356391407,2356391401
9782356391414,235639141X
9782356391421,2356391428
9782356391438,2356391436
9782356391667,2356391665
9782356391872,2356391878
9782356391896,2356391894
9782356392008,2356392009
9782356392619,2356392610
9782356392640,2356392645
9782356392695,2356392696
9782356392701,235639270X
9782356392718,2356392718
9782356392725,2356392726
9782356392732,
9782356392749,2356392742
9782356392763,2356392769
9782356392770,2356392777
9782356392787,
9782356392794,2356392793
9782356392800,2356392807
9782356392817,2356392815
9782356392824,2356392823
9782356392831,2356392831
9782356392862,2356392866
9782356392879,2356392874
9782356392886,2356392882
9782356392893,2356392890
9782356392909,
9782356392916,2356392912
9782356392923,2356392920
9782356392930,2356392939
9782356392947,2356392947
9782356392954,2356392955
9782356392985,235639298X
9782356392992,2356392998
9782356393005,2356393005
9782356393012,2356393013
9782356393043,
9782356393098,2356393099
9782356393104,2356393102
9782356393111,
9782356393128,2356393129
9782356393135,
9782356393142,
9782356400390,2356400397
9782356400444,2356400443
9782356401052,2356401059
9782356401083,2356401083
9782356401557,2356401555
9782356401663,2356401660
9782356401830,2356401830
9782356401953,2356401954
9782356401960,2356401962
9782356401977,2356401970
9782356401984,2356401989
9782356402011,
9782356402028,
9782356402035,2356402039
9782356402172,
9782356402189,
9782356402196,
9782356402202,
9782356402219,2356402217
9782356402226,
9782356402233,
9782356402240,
9782356402257,
9782356402264,2356402268
9782356402271,2356402276
9782356402288,2356402284
9782356402295,
9782356402301,
9782356402318,
9782356402325,2356402322
9782356402332,
9782356412232,2356412239
9782356412249,2356412247
9782356412256,2356412255
9782356412263,2356412263
9782356412294,2356412298
9782356412317,235641231X
9782356412362,2356412360
9782356412386,2356412387
9782356412423,2356412425
9782356412430,2356412433
9782356412447,2356412441
9782356412454,235641245X
9782356412478,2356412476
9782356412485,2356412484
9782356412492,2356412492
9782356412515,2356412514
9782356412539,2356412530
9782356412577,2356412573
9782356412584,2356412581
9782356412614,2356412611
9782356412621,235641262X
9782356412638,2356412638
9782356412645,2356412646
9782356412652,2356412654
9782356412676,2356412670
9782356412683,2356412689
9782356412713,2356412719
9782356412720,2356412727
9782356412737,2356412735
9782356412744,2356412743
9782356412751,2356412751
9782356412799,2356412794
9782356412805,2356412808
9782356412829,2356412824
9782356412850,2356412859
9782356412867,2356412867
9782356412874,2356412875
9782356412881,2356412883
9782356412898,2356412891
9782356412904,2356412905
9782356412911,2356412913
9782356412928,2356412921
9782356413949,2356413944
9782356413956,2356413952
9782356413963,2356413960
9782356413970,2356413979
9782356413987,2356413987
9782356413994,2356413995
9782356414038,2356414037
9782356414045,2356414045
9782356414069,2356414061
9782356414076,235641407X
9782356414090,2356414096
9782356414106,235641410X
9782356414113,2356414118
9782356414120,2356414126
9782356414137,2356414134
9782356414144,2356414142
9782356414151,2356414150
9782356414168,2356414169
9782356414175,2356414177
9782356414205,2356414207
9782356414212,2356414215
9782356414229,2356414223
9782356414243,235641424X
9782356414250,2356414258
9782356414267,2356414266
9782356414274,2356414274
9782356414281,2356414282
9782356414298,2356414290
9782356414311,2356414312
9782356414328,2356414320
9782356414335,2356414339
9782356414366,2356414363
9782356414380,235641438X
9782356414397,2356414398
9782356414403,2356414401
9782356414410,235641441X
9782356414427,2356414428
9782356414885,2356414886
9782356414892,2356414894
9782356414908,2356414908
9782356414915,2356414916
9782356414922,2356414924
9782356414939,2356414932
9782356414946,2356414940
9782356414953,2356414959
9782356414960,2356414967
9782356414977,2356414975
9782356414984,2356414983
9782356414991,2356414991
9782356415004,2356415009
9782356415011,2356415017
9782356415028,2356415025
9782356415035,2356415033
9782356415059,235641505X
9782356415066,2356415068
9782356415073,2356415076
9782356415080,2356415084
9782356415097,2356415092
9782356415103,2356415106
9782356415110,2356415114
9782356415141,2356415149
9782356415158,2356415157
9782356415165,2356415165
9782356415578,2356415572
9782356416254,2356416250
9782356416261,2356416269
9782356416278,2356416277
9782356416285,2356416285
9782356416292,2356416293
9782356416308,2356416307
9782356416315,2356416315
9782356416322,2356416323
9782356416346,235641634X
9782356416353,2356416358
9782356416360,2356416366
9782356416377,2356416374
9782356416384,2356416382
9782356416391,2356416390
9782356416407,2356416404
9782356416414,2356416412
9782356416452,2356416455
9782356416469,2356416463
9782356416476,2356416471
9782356416483,235641648X
9782356416490,2356416498
9782356416513,235641651X
9782356416520,2356416528
9782356417008,2356417001
9782356417053,2356417052
9782356417060,2356417060
9782356417091,2356417095
9782356417107,2356417109
9782356417183,2356417184
9782356417190,2356417192
9782356417206,2356417206
9782356417220,2356417222
9782356417237,2356417230
9782356417275,2356417273
9782356417282,2356417281
9782356417299,235641729X
9782356417602,2356417605
9782356417626,2356417621
9782356417640,2356417648
9782356417657,2356417656
9782356417664,2356417664
9782356417671,2356417672
9782356417688,2356417680
9782356417695,2356417699
9782356417718,2356417710
9782356417725,2356417729
9782356417732,2356417737
9782356417749,2356417745
9782356417756,2356417753
9782356417763,2356417761
9782356417787,2356417788
9782356417800,235641780X
9782356417817,2356417818
9782356417848,2356417842
9782356417855,2356417850
9782356417862,2356417869
9782356417879,2356417877
9782356417893,2356417893
9782356418401,2356418407
9782356418418,2356418415
9782356418425,2356418423
9782356418449,235641844X
9782356418456,2356418458
9782356418487,2356418482
9782356418494,2501032055
9782356418500,2356418504
9782356418517,2356418512
9782356418586,235641858X
9782356419415,2356419411
9782356440020,235644002X
9782356440532,2356440534
9782356441386,2356441387
9782356441409,2356441409
9782356441423,2356441425
9782356441447,2356441441
9782356442734,2356442731
9782356443397,2356443398
9782356443434,2356443436
9782356443458,2356443452
9782356443472,2356443479
9782356443496,2356443495
9782356443519,2356443517
9782356443533,2356443533
9782356443564,2356443568
9782356443588,2356443584
9782356443601,2356443606
9782356443625,2356443622
9782356443649,2356443649
9782356443663,2356443665
9782356443670,2356443673
9782356443694,235644369X
9782356443700,2356443703
9782356443717,2356443711
9782356443724,235644372X
9782356443755,2356443754
9782356443793,2356443797
9782356443816,2356443819
9782356443830,2356443835
9782356443854,2356443851
9782356443878,2356443878
9782356443922,2356443924
9782356443946,2356443940
9782356443984,2356443983
9782356444004,2356444009
9782356444042,2356444041
9782356444066,
9782356444073,2356444076
9782356444080,2356444084
9782356444158,
9782356444196,235644419X
9782356444240,2356444246
9782356444257,2356444254
9782356444271,2356444270
9782356444295,2356444297
9782356444318,2356444319
9782356444332,2356444335
9782356444356,2356444351
9782356444387,2356444386
9782356444394,2356444394
9782356444424,
9782356444448,
9782356444462,2356444467
9782356444486,2356444483
9782356444509,2356444505
9782356444523,2356444521
9782356444530,235644453X
9782356444646,2356444645
9782356444660,
9782356444714,2356444718
9782356444721,2356444726
9782356444745,2356444742
9782356444769,
9782356444783,
9782356444806,
9782356444820,2356444823
9782356444882,
9782356444950,
9782356444998,2356444998
9782356445056,2356445056
9782356445070,
9782356445094,2356445099
9782356445117,2356445110
9782356445186,
9782356445193,
9782356446459,
9782356446480,2356446486
9782356446527,2356446524
9782356446619,2356446613
9782356446640,
9782356446671,
9782356446695,
9782356446732,
9782356446756,
9782356446770,
9782356446794,
9782356446817,2356446818
9782356446848,2356446842
9782356446879,
9782356446909,
9782356446930,
9782356446954,
9782356446985,
9782356447098,
9782356447128,
9782356447159,
9782356447180,
9782356447692,
9782356447715,
9782356447777,
9782356447791,2356447792
9782356447845,
9782356447876,
9782356447906,
9782356447968,
9782356447999,
9782356448057,
9782356448088,
9782356448118,
9782356448231,
9782356448323,
9782356448354,
9782356448507,
9782356450159,2356450157
9782356450197,235645019X
9782356450203,2356450203
9782356450210,2356450211
9782356450227,235645022X
9782356450234,2356450238
9782356450258,2356450254
9782356450289,2356450289
9782356450340,2356450343
9782356450418,2356450416
9782356450449,2356450440
9782356450456,2356450459
9782356450463,2356450467
9782356452009,2356452001
9782356452023,2356452028
9782356452047,2356452044
9782356452054,2356452052
9782356454706,2356454705
9782356454737,235645473X
9782356480477,2356480471
9782356480484,235648048X
9782356480675,2356480676
9782356481214,2356481214
9782356481702,2356481702
9782356481757,2356481753
9782356481856,2356481850
9782356482013,2356482016
9782356482112,2356482113
9782356482136,235648213X
9782356482204,2356482202
9782356482242,2356482245
9782356482266,2356482261
9782356482280,2356482288
9782356482310,2356482318
9782356482327,2356482326
9782356482334,2356482334
9782356482341,2356482342
9782356482372,2356482377
9782356482396,2356482393
9782356482402,2356482407
9782356482426,2356482423
9782356482440,235648244X
9782356482457,2356482458
9782356482464,2356482466
9782356482518,2356482512
9782356482525,2356482520
9782356482587,235648258X
9782356482624,2356482628
9782356482631,2356482636
9782356482648,2356482644
9782356482662,2356482660
9782356482679,2356482679
9782356482723,2356482725
9782356482747,2356482741
9782356482761,2356482768
9782356482778,2356482776
9782356482969,2356482962
9782356482983,2356482989
9782356482990,2356482997
9782356483003,2356483004
9782356483010,2356483012
9782356483034,2356483039
9782356483041,2356483047
9782356483065,2356483063
9782356483140,2356483144
9782356483157,2356483152
9782356483164,2356483160
9782356483171,2356483179
9782356483188,2356483187
9782356483195,2356483195
9782356483324,2356483322
9782356483454,2356483454
9782356483522,2356483527
9782356483546,2356483543
9782356483560,235648356X
9782356483577,2356483578
9782356483591,2356483594
9782356483652,2356483659
9782356483768,2356483764
9782356483782,2356483780
9782356483812,2356483810
9782356483836,2356483837
9782356483898,2356483896
9782356483928,2356483926
9782356483959,2356483950
9782356483973,2356483977
9782356484093,2356484094
9782356484109,2356484108
9782356484130,2356484132
9782356484222,2356484221
9782356484239,235648423X
9782356484253,2356484256
9782356484345,2356484345
9782356484420,2356484426
9782356484437,2356484434
9782356484512,2356484515
9782356484710,235648471X
9782356500298,2356500294
9782356500311,2356500316
9782356500335,2356500332
9782356500342,2356500340
9782356500359,2356500359
9782356500366,2356500367
9782356500373,2356500375
9782356500380,2356500383
9782356500397,2356500391
9782356500403,2356500405
9782356500410,2356500413
9782356500427,2356500421
9782356500434,235650043X
9782356500441,2356500448
9782356500458,2356500456
9782356500472,2356500472
9782356500489,2356500480
9782356500496,2356500499
9782356500502,2356500502
9782356500519,2356500510
9782356500526,2356500529
9782356500533,2356500537
9782356500540,2356500545
9782356500564,2356500561
9782356500649,2356500642
9782356500656,2356500650
9782356500663,2356500669
9782356500687,2356500685
9782356500717,2356500715
9782356500724,2356500723
9782356500755,2356500758
9782356500762,2356500766
9782356500809,2356500804
9782356500816,2356500812
9782356500991,2356500995
9782356501325,2356501320
9782356501912,2356501916
9782356501943,2356501940
9782356501967,2356501967
9782356501981,2356501983
9782356502001,2356502009
9782356502018,2356502017
9782356502025,2356502025
9782356502032,2356502033
9782356502049,2356502041
9782356502056,235650205X
9782356502063,2356502068
9782356502162,2356502165
9782356502179,
9782356502186,2356502181
9782356502193,235650219X
9782356502209,2356502203
9782356502216,2356502211
9782356502230,2356502238
9782356502247,
9782356502254,
9782356502261,
9782356502278,2356502270
9782356502384,2356502386
9782356502391,
9782356502407,2356502408
9782356502414,
9782356502421,
9782356502438,
9782356502445,
9782356520135,
9782356521026,
9782356530134,2356530134
9782356530141,2356530142
9782356530158,2356530150
9782356530172,2356530177
9782356530226,2356530223
9782356530233,2356530231
9782356530257,2356530258
9782356530271,2356530274
9782356530288,2356530282
9782356530301,
9782356530318,2356530312
9782356530325,2356530320
9782356530349,2356530347
9782356530394,2356530398
9782356530431,2356530436
9782356530455,2356530452
9782356530462,2356530460
9782356530493,2356530495
9782356530509,2356530509
9782356530516,2356530517
9782356530523,2356530525
9782356530547,2356530541
9782356530578,2356530576
9782356530639,2356530630
9782356530684,2356530681
9782356530691,235653069X
9782356530707,2356530703
9782356530714,2356530711
9782356530721,235653072X
9782356530738,2356530738
9782356530783,2356530789
9782356530790,2356530797
9782356530806,2356530800
9782356530813,2356530819
9782356530844,2356530843
9782356530851,2356530851
9782356530868,235653086X
9782356530875,2356530878
9782356530943,2356530940
9782356530967,2356530967
9782356531346,2356531343
9782356531360,235653136X
9782356531384,2356531386
9782356531391,2356531394
9782356531407,2356531408
9782356531414,2356531416
9782356531421,2356531424
9782356531438,2356531432
9782356531445,
9782356531476,
9782356531513,
9782356531520,
9782356531537,235653153X
9782356540089,2356540083
9782356540096,2356540091
9782356540126,2356540121
9782356540157,2356540156
9782356540188,2356540180
9782356540195,
9782356540201,
9782356540249,2356540245
9782356540287,2356540288
9782356540294,2356540296
9782356540300,235654030X
9782356540324,2356540326
9782356540348,2356540342
9782356540355,2356540350
9782356540362,2356540369
9782356540379,2356540377
9782356540386,2356540385
9782356540492,2356540490
9782356540515,2356540512
9782356540713,2356540717
9782356540720,2356540725
9782356540737,
9782356540850,2356540857
9782356540874,2356540873
9782356540898,235654089X
9782356540904,
9782356540928,235654092X
9782356540935,2356540938
9782356540942,2356540946
9782356540959,2356540954
9782356540966,2356540962
9782356540973,2356540970
9782356540980,2356540989
9782356540997,2356540997
9782356541000,
9782356541017,2356541012
9782356541024,
9782356541048,
9782356560124,
9782356580030,
9782356580047,
9782356580054,
9782356600134,2356600132
9782356600158,2356600159
9782356600165,2356600167
9782356600172,
9782356600196,2356600191
9782356600219,
9782356600226,2356600221
9782356600233,235660023X
9782356600240,
9782356600257,2356600256
9782356600264,2356600264
9782356600271,
9782356600493,2356600493
9782356600516,2356600515
9782356600561,2356600566
9782356600615,
9782356600622,2356600620
9782356600646,2356600647
9782356600653,2356600655
9782356600660,2356600663
9782356600677,2356600671
9782356600851,235660085X
9782356600943,2356600949
9782356600950,2356600957
9782356600974,2356600973
9782356600981,2356600981
9782356600998,235660099X
9782356601001,2356601007
9782356601018,2356601015
9782356601025,2356601023
9782356601032,2356601031
9782356601049,235660104X
9782356601056,2356601058
9782356601070,2356601074
9782356601087,2356601082
9782356601100,2356601104
9782356620057,2356620052
9782356620200,2356620206
9782356620231,2356620230
9782356620255,2356620257
9782356620286,
9782356620293,235662029X
9782356620309,2356620303
9782356620316,2356620311
9782356620323,235662032X
9782356620330,2356620338
9782356620347,2356620346
9782356620354,2356620354
9782356620361,2356620362
9782356620378,2356620370
9782356620385,2356620389
9782356620408,2356620400
9782356620422,2356620427
9782356620439,2356620435
9782356620453,2356620451
9782356620460,235662046X
9782356620477,2356620478
9782356620491,2356620494
9782356620507,2356620508
9782356620514,2356620516
9782356620613,2356620613
9782356620644,
9782356620682,2356620680
9782356620705,2356620702
9782356620729,2356620729
9782356620736,2356620737
9782356620743,2356620745
9782356620750,2356620753
9782356620767,2356620761
9782356624635,
9782356624642,2356624643
9782356624659,2356624651
9782356624673,2356624678
9782356624680,2356624686
9782356624703,
9782356624710,2356624716
9782356624727,2356624724
9782356624734,
9782356624741,2356624740
9782356624758,2356624759
9782356624772,
9782356624895,2356624899
9782356624918,
9782356630148,
9782356630155,
9782356630162,
9782356630179,
9782356630186,
9782356630193,2356630198
9782356630209,
9782356630216,
9782356630230,2356630236
9782356630247,
9782356630322,2356630325
9782356630346,
9782356630353,
9782356630384,
9782356630391,
9782356630605,
9782356630612,
9782356630629,
9782356630636,
9782356630643,
9782356630650,
9782356630674,
9782356630681,
9782356630698,
9782356630704,
9782356630711,
9782356710086,2356710086
9782356710321,2356710329
9782356710352,2356710353
9782356710369,2356710361
9782356710437,2356710434
9782356710451,2356710450
9782356710475,2356710477
9782356710482,2356710485
9782356710499,2356710493
9782356710512,2356710515
9782356710529,2356710523
9782356710536,2356710531
9782356710567,2356710566
9782356710574,2356710574
9782356710581,2356710582
9782356710598,2356710590
9782356710604,2356710604
9782356710635,2356710639
9782356710642,2356710647
9782356710659,2356710655
9782356710666,2356710663
9782356710673,2356710671
9782356710680,235671068X
9782356710697,2356710698
9782356710758,2356710752
9782356710765,2356710760
9782356710772,2356710779
9782356710789,2356710787
9782356710796,2356710795
9782356710802,2356710809
9782356710819,2356710817
9782356711281,2356711287
9782356711298,2356711295
9782356711304,2356711309
9782356711311,2356711317
9782356711328,2356711325
9782356711335,2356711333
9782356711342,2356711341
9782356711373,2356711376
9782356711397,2356711392
9782356711403,2356711406
9782356711427,2356711422
9782356711434,2356711430
9782356711465,2356711465
9782356713841,2356713840
9782356713858,2356713859
9782356713919,2356713913
9782356713995,2356713999
9782356714008,2356714006
9782356714015,2356714014
9782356714022,2356714022
9782356714039,2356714030
9782356714046,2356714049
9782356714060,2356714065
9782356714077,2356714073
9782356714091,235671409X
9782356714114,2356714111
9782356714121,235671412X
9782356714138,2356714138
9782356714152,2356714154
9782356714169,2356714162
9782356714176,2356714170
9782356714183,2356714189
9782356714190,2356714197
9782356715081,
9782356715234,2356715231
9782356715364,2356715363
9782356715371,2356715371
9782356715388,235671538X
9782356715395,2356715398
9782356715401,2356715401
9782356715418,235671541X
9782356715425,2356715428
9782356715449,2356715444
9782356715463,2356715460
9782356715487,2356715487
9782356715494,2356715495
9782356715500,2356715509
9782356715517,2356715517
9782356715524,2356715525
9782356715531,2356715533
9782356715548,2356715541
9782356715555,235671555X
9782356715562,2356715568
9782356715579,2356715576
9782356715593,2356715592
9782356715609,2356715606
9782356715616,2356715614
9782356715623,2356715622
9782356715630,2356715630
9782356715647,2356715649
9782356715654,2356715657
9782356715661,2356715665
9782356715678,2356715673
9782356715685,2356715681
9782356715692,235671569X
9782356715708,2356715703
9782356715715,2356715711
9782356715722,235671572X
9782356715739,2356715738
9782356715746,2356715746
9782356715753,2356715754
9782356715760,2356715762
9782356715777,2356715770
9782356715784,2356715789
9782356715791,2356715797
9782356715807,2356715800
9782356715814,2356715819
9782356715821,2356715827
9782356715838,2356715835
9782356715845,2356715843
9782356715852,2356715851
9782356715869,235671586X
9782356715876,
9782356715883,
9782356715890,2356715894
9782356715906,2356715908
9782356715913,2356715916
9782356715920,2356715924
9782356715937,2356715932
9782356715944,2356715940
9782356715968,2356715967
9782356715975,
9782356715982,2356715983
9782356715999,
9782356716002,2356716009
9782356716019,2356716017
9782356716026,
9782356716033,
9782356716040,2356716041
9782356716057,235671605X
9782356716064,2356716068
9782356716071,
9782356716088,
9782356716095,
9782356716101,2356716106
9782356716118,
9782356716125,
9782356716132,
9782356716163,
9782356716170,2356716173
9782356716187,
9782356716194,
9782356716200,
9782356716217,2356716211
9782356716224,
9782356716231,2356716238
9782356716248,
9782356716255,
9782356716262,2356716262
9782356716279,
9782356716293,
9782356716309,
9782356716316,
9782356716323,
9782356716354,
9782356716361,
9782356716378,
9782356716385,
9782356716415,
9782356716422,
9782356716439,
9782356716453,
9782356716460,
9782356716477,
9782356716484,
9782356716491,
9782356716729,
9782356716736,
9782356716750,
9782356716767,
9782356716781,
9782356716798,
9782356720009,2356720006
9782356730091,2356730095
9782356730121,2356730125
9782356730220,2356730222
9782356730251,2356730257
9782356730299,235673029X
9782356730305,2356730303
9782356730374,
9782356730404,2356730400
9782356730435,2356730435
9782356730466,235673046X
9782356730497,2701154316
9782356730503,2356730508
9782356730534,
9782356730565,2356730567
9782356730596,2356730591
9782356730626,
9782356730657,
9782356730688,
9782356730718,
9782356730749,
9782356730770,235673077X
9782356730831,
9782356730862,2356730869
9782356730909,
9782356740212,235674021X
9782356740229,2356740228
9782356740236,2356740236
9782356740243,2356740244
9782356740311,2356740317
9782356740342,2356740341
9782356740366,2356740368
9782356740656,2356740651
9782356740663,235674066X
9782356740700,2356740708
9782356740717,2356740716
9782356740748,2356740740
9782356740755,2356740759
9782356740762,2356740767
9782356740779,2356740775
9782356740786,2356740783
9782356740793,2356740791
9782356740809,2356740805
9782356740830,235674083X
9782356740847,2356740848
9782356740854,2356740856
9782356740861,2356740864
9782356740878,2356740872
9782356740892,2356740899
9782356740915,
9782356740953,2356740953
9782356740960,2356740961
9782356760036,2356760032
9782356760081,2356760083
9782356760159,2356760156
9782356760166,
9782356760173,
9782356760180,2356760180
9782356760197,
9782356760203,2356760202
9782356760210,2356760210
9782356760227,
9782356760258,
9782356760265,
9782356760272,
9782356760289,2356760288
9782356760302,235676030X
9782356760388,
9782356760470,
9782356760708,2356760709
9782356760715,
9782356760722,
9782356761149,
9782356761156,
9782356761163,
9782356761170,
9782356761187,
9782356761194,2356761195
9782356761200,
9782356761217,
9782356761231,
9782356761255,
9782356761262,
9782356761279,
9782356761286,
9782356770042,2356770046
9782356770066,
9782356770080,2356770089
9782356770103,
9782356770127,
9782356770141,
9782356770165,235677016X
9782356770202,
9782356770226,
9782356770240,
9782356770264,
9782356770288,
9782356770301,
9782356770325,2356770321
9782356770387,
9782356770400,2356770402
9782356820488,2356820485
9782356821904,2356821902
9782356823274,2356823271
9782356828750,
9782356850317,2356850317
9782356850355,235685035X
9782356850614,2356850619
9782356850621,2356850627
9782356850638,2356850635
9782356850645,2356850643
9782356850652,2356850651
9782356850683,2356850686
9782356850690,2356850694
9782356850737,2356850732
9782356850744,2356850740
9782356850775,2356850775
9782356850980,2356850988
9782356850997,2356850996
9782356851192,2356851194
9782356851208,2356851208
9782356851437,2356851437
9782356851444,2356851445
9782356851451,2356851453
9782356851468,2356851461
9782356851475,235685147X
9782356851482,2356851488
9782356851925,2356851925
9782356852014,2356852018
9782356852298,2356852298
9782356852304,2356852301
9782356852342,2356852344
9782356852397,2356852395
9782356855152,2356855157
9782356855169,2356855165
9782356855183,2356855181
9782356855411,2356855416
9782356855435,2356855432
9782356855442,2356855440
9782356855459,2356855459
9782356855473,2356855475
9782356855497,2356855491
9782356855503,2356855505
9782356855527,2356855521
9782356855534,235685553X
9782356855541,2356855548
9782356855565,2356855564
9782356855794,2356855793
9782356855817,2356855815
9782356855824,2356855823
9782356855831,2356855831
9782356856104,2356856102
9782356856111,2356856110
9782356856128,2356856129
9782356856418,2356856412
9782356856432,2356856439
9782356856456,2356856455
9782356856463,2356856463
9782356856470,
9782356856494,
9782356856500,2356856501
9782356856517,
9782356856531,2356856536
9782356856579,
9782356856586,2356856587
9782356856593,
9782356856647,
9782356856661,2356856668
9782356856739,
9782356856746,
9782356856760,
9782356856777,
9782356856784,
9782356856807,
9782356856814,
9782356856852,
9782356856869,
9782356856883,
9782356860224,
9782356860422,
9782356870629,2356870628
9782356870636,2356870636
9782356870643,2356870644
9782356870650,2356870652
9782356870674,2356870679
9782356870704,2356870709
9782356870742,2356870741
9782356870766,2356870768
9782356870803,2356870806
9782356870810,2356870814
9782356870827,2356870822
9782356870834,2356870830
9782356870841,2356870849
9782356870858,2356870857
9782356870865,2356870865
9782356870872,2356870873
9782356870902,2356870903
9782356870933,2356870938
9782356870957,2356870954
9782356870964,2356870962
9782356870971,
9782356870995,2356870997
9782356871008,2356871004
9782356871039,2356871039
9782356871046,2356871047
9782356871053,2356871055
9782356871060,2356871063
9782356871077,2356871071
9782356871084,235687108X
9782356871091,2356871098
9782356871107,2356871101
9782356871114,
9782356871121,2356871128
9782356871145,2356871144
9782356871152,2356871152
9782356871169,2356871160
9782356871176,2356871179
9782356871183,2356871187
9782356871206,2356871209
9782356871213,2356871217
9782356871220,2356871225
9782356871244,2356871241
9782356871251,235687125X
9782356871282,2356871284
9782356871299,2356871292
9782356871305,2356871306
9782356871312,2356871314
9782356871329,2356871322
9782356871336,2356871330
9782356871343,2356871349
9782356871350,
9782356871367,2356871365
9782356871374,2356871373
9782356871381,2859560564
9782356871398,235687139X
9782356871404,2356871403
9782356871435,2356871438
9782356871442,2356871446
9782356871459,2356871454
9782356871466,2356871462
9782356871473,2356871470
9782356871480,2356871489
9782356871503,
9782356871527,2356871527
9782356871541,2356871543
9782356871558,2356871551
9782356871572,2356871578
9782356871589,2356871586
9782356871596,2356871594
9782356871602,2356871608
9782356871619,2356871616
9782356871626,2356871624
9782356871633,2356871632
9782356871657,2356871659
9782356871701,
9782356871718,2356871713
9782356871725,2356871721
9782356871749,
9782356871763,2356871764
9782356871770,
9782356871794,2356871799
9782356871800,2356871802
9782356871817,2356871810
9782356871824,
9782356871848,2356871845
9782356871855,2356871853
9782356871862,
9782356871893,2356871896
9782356871909,235687190X
9782356871916,2356871918
9782356871923,2356871926
9782356871930,2356871934
9782356871947,2356871942
9782356871954,2356871950
9782356871961,2356871969
9782356871978,2356871977
9782356871985,2356871985
9782356871992,2356871993
9782356872036,
9782356872043,2356872043
9782356872258,2356872256
9782356872364,2356872361
9782356872395,2356872396
9782356872401,235687240X
9782356872449,
9782356872456,2356872450
9782356872463,2356872469
9782356872494,2356872493
9782356872500,2356872507
9782356872524,2356872523
9782356872531,
9782356872562,2356872566
9782356872616,2356872612
9782356872739,2356872736
9782356872760,2356872760
9782356872807,2356872809
9782356872845,2356872841
9782356872852,
9782356872869,2356872868
9782356872876,2356872876
9782356872883,2356872884
9782356872890,2356872892
9782356872906,2356872906
9782356872920,2356872922
9782356872937,2356872930
9782356872951,2356872957
9782356872975,2356872973
9782356872982,2356872981
9782356873002,2356873007
9782356873019,2356873015
9782356873026,2356873023
9782356873033,2356873031
9782356873040,235687304X
9782356873057,2356873058
9782356873064,2356873066
9782356873071,2356873074
9782356873095,2356873090
9782356873101,
9782356873149,2356873147
9782356873156,2356873155
9782356873163,2356873163
9782356873170,2356873171
9782356873200,2356873201
9782356873217,235687321X
9782356873224,2356873228
9782356873231,2356873236
9782356873286,2356873287
9782356873293,2356873295
9782356873316,2356873317
9782356873323,2356873325
9782356873330,2356873333
9782356873347,2356873341
9782356873354,235687335X
9782356873361,2356873368
9782356873378,2356873376
9782356873385,2356873384
9782356873392,2356873392
9782356873408,2356873406
9782356873422,2356873422
9782356873439,2356873430
9782356873446,2356873449
9782356873453,2356873457
9782356873514,2356873511
9782356873521,235687352X
9782356873538,2356873538
9782356873545,2356873546
9782356873569,2356873562
9782356873576,2356873570
9782356873590,2356873597
9782356874122,2356874127
9782356874320,2356874321
9782356874511,2356874518
9782356874757,2356874755
9782356874818,235687481X
9782356874832,2356874836
9782356874849,2356874844
9782356874856,2356874852
9782356875204,2356875204
9782356875310,235687531X
9782356875419,
9782356875457,235687545X
9782356875655,
9782356875990,
9782356876041,2356876049
9782356876096,
9782356876102,
9782356876119,2356876111
9782356876126,
9782356876133,
9782356876140,
9782356876157,2356876154
9782356876164,2356876162
9782356876171,2356876170
9782356876188,2356876189
9782356876201,
9782356876218,2356876219
9782356876225,
9782356876256,
9782356876263,235687626X
9782356876270,
9782356876287,2356876286
9782356876294,2356876294
9782356876317,
9782356876324,
9782356876331,2356876332
9782356876348,
9782356876355,2356876359
9782356876362,2356876367
9782356876379,2356876375
9782356876386,2356876383
9782356876393,2356876391
9782356876409,
9782356876416,2356876413
9782356876423,2356876421
9782356876430,
9782356876447,2356876448
9782356876461,2356876464
9782356876478,2356876472
9782356876492,2356876499
9782356876508,2356876502
9782356876515,2356876510
9782356876522,2356876529
9782356876539,
9782356876553,2356876553
9782356876560,2356876561
9782356876577,
9782356876584,
9782356876591,2356876596
9782356876607,
9782356876614,
9782356876638,2356876634
9782356876645,2356876642
9782356876676,
9782356876683,2356876685
9782356876706,
9782356876713,2356876715
9782356876720,2356876723
9782356876737,
9782356876744,
9782356876751,2356876758
9782356876768,2356876766
9782356876775,
9782356876805,2356876804
9782356876829,2356876820
9782356876836,2356876839
9782356876843,2356876847
9782356876850,
9782356876867,
9782356876874,2356876871
9782356876881,235687688X
9782356876898,2356876898
9782356876904,2356876901
9782356876911,235687691X
9782356876928,2356876928
9782356876935,2356876936
9782356876942,
9782356876959,
9782356876966,2356876960
9782356876980,2356876987
9782356876997,
9782356877024,
9782356877055,
9782356877062,
9782356877079,235687707X
9782356877086,
9782356877093,2356877096
9782356877116,2356877118
9782356877123,2356877126
9782356877130,
9782356877147,2356877142
9782356877154,2356877150
9782356877161,
9782356877178,
9782356877185,
9782356877192,2356877193
9782356877208,2356877207
9782356877215,
9782356877222,
9782356877239,
9782356877246,235687724X
9782356877260,
9782356877277,2356877274
9782356877291,2356877290
9782356877314,2356877312
9782356877321,
9782356877338,
9782356877345,
9782356877352,2356877355
9782356877369,2356877363
9782356877376,
9782356877383,
9782356877406,
9782356877413,
9782356877420,
9782356877437,
9782356877444,2356877444
9782356877451,
9782356877468,2356877460
9782356877475,
9782356877482,
9782356877499,2356877495
9782356877505,2356877509
9782356877512,
9782356877529,
9782356877536,2356877533
9782356877543,
9782356877550,
9782356877567,
9782356877574,
9782356877581,
9782356877598,
9782356877604,
9782356877611,2356877614
9782356877642,
9782356877659,
9782356877666,
9782356877673,
9782356877680,2356877681
9782356877697,
9782356877710,
9782356877741,
9782356877758,
9782356877796,
9782356877819,
9782356877826,
9782356877833,
9782356877857,
9782356880222,2356880224
9782356890023,2356890025
9782356890146,2356890149
9782356890849,
9782356890856,
9782356890863,
9782356890870,
9782356920096,2356920099
9782356920133,
9782356920256,2356920250
9782356920300,
9782356920324,2356920323
9782356920331,2356920331
9782356920362,2356920366
9782356920379,
9782356920393,
9782356920409,
9782356920416,2356920412
9782356920423,
9782356920447,
9782356920454,2356920455
9782356920461,2356920463
9782356920478,2356920471
9782356920492,2356920498
9782356920508,
9782356920515,235692051X
9782356920539,2356920536
9782356920560,2356920560
9782356920577,2356920579
9782356920591,
9782356920621,2356920625
9782356920645,
9782356920652,235692065X
9782356920676,2356920676
9782356920683,
9782356920706,
9782356920713,2356920714
9782356920720,2356920722
9782356920744,
9782356920768,2356920765
9782356920782,2356920781
9782356920874,2356920870
9782356920904,2356920900
9782356920935,2356920935
9782356920942,2356920943
9782356920959,2356920951
9782356920966,235692096X
9782356920973,
9782356920997,2356920994
9782356921024,
9782356921031,2356921036
9782356921055,
9782356921062,2356921060
9782356921086,
9782356921116,2356921117
9782356921123,
9782356921147,
9782356921154,
9782356921178,
9782356921208,
9782356921260,
9782356921284,
9782356921420,
9782356921451,2356921451
9782356921468,235692146X
9782356921475,
9782356921499,
9782356921505,2356921508
9782356921673,
9782356921680,
9782356921697,2356921699
9782356921727,
9782356921734,
9782356921741,
9782356921765,
9782356921772,235692177X
9782356921789,
9782356921796,
9782356921802,
9782356921819,
9782356921864,
9782356921871,
9782356921888,
9782356921895,
9782356921901,
9782356921918,
9782356921925,
9782356960061,
9782356960184,235696018X
9782356960191,
9782356960214,
9782356960221,
9782356960238,
9782356960245,2356960244
9782356960269,
9782356960306,
9782356960443,
9782356960450,
9782356960610,2356960619
9782356960627,
9782356960634,2356960635
9782356960641,
9782356960658,
9782356981219,2356981217
9782356981677,2356981675
9782356981707,2356981705
9782356981738,235698173X
9782356981868,2356981861
9782356981875,235698187X
9782356981882,
9782356981899,
9782356981905,
9782356981929,
9782356981974,
9782356981981,
9782356981998,2356981993
9782356982001,2356982000
9782356982063,
9782356982070,
9782356982087,
9782356982094,
9782356982100,
9782356982117,
9782356982124,
9782356982131,
9782356982148,
9782357000056,
9782357000063,
9782357000070,
9782357000087,
9782357000100,
9782357000124,2357000120
9782357060111,2357060115
9782357060128,2357060123
9782357060135,2357060131
9782357060159,2357060158
9782357060180,2357060182
9782357060289,235706028X
9782357060296,2357060298
9782357060357,2357060352
9782357060449,
9782357060456,
9782357060487,2357060484
9782357060494,2357060492
9782357060524,
9782357060562,
9782357060579,2357060573
9782357060609,
9782357060616,
9782357060647,
9782357060654,
9782357060692,
9782357060722,
9782357060739,
9782357060760,
9782357060777,
9782357060807,2357060808
9782357060845,
9782357060883,2357060883
9782357060968,
9782357070141,2357070145
9782357070165,2357070161
9782357070189,2357070188
9782357070196,
9782357070202,235707020X
9782357070219,2357070218
9782357070233,2357070234
9782357070240,
9782357070264,2357070269
9782357070295,2357070293
9782357070318,2357070315
9782357070349,235707034X
9782357070387,
9782357070424,2357070420
9782357070431,2357070439
9782357070462,2357070463
9782357070493,2357070498
9782357070561,2357070560
9782357070578,2357070579
9782357070585,2357070587
9782357070592,2357070595
9782357071360,
9782357071391,2357071397
9782357071407,2357071400
9782357071452,
9782357071476,2357071478
9782357071483,2357071486
9782357071537,2357071532
9782357071544,2357071540
9782357071551,
9782357071575,2357071575
9782357071599,
9782357071643,
9782357071650,
9782357150133,2357150130
9782357150188,
9782357180031,
9782357180079,2357180072
9782357200241,2357200243
9782357200302,2357200308
9782357200319,2357200316
9782357200333,2357200332
9782357200371,2357200375
9782357200395,2357200391
9782357200418,2357200413
9782357200456,2357200456
9782357200494,2357200499
9782357200500,2357200502
9782357200555,2357200553
9782357200562,2357200561
9782357200586,2357200588
9782357200593,2357200596
9782357200609,235720060X
9782357200623,2357200626
9782357200630,2357200634
9782357200654,2357200650
9782357200685,2357200685
9782357200692,2357200693
9782357200777,2357200774
9782357200784,2357200782
9782357200791,2357200790
9782357200807,2357200804
9782357200890,2357200898
9782357200913,235720091X
9782357201002,2357201002
9782357201019,2357201010
9782357201026,2357201029
9782357201033,2357201037
9782357201088,2357201088
9782357201101,235720110X
9782357201132,2357201134
9782357201149,2357201142
9782357201163,2357201169
9782357201170,2357201177
9782357201187,2357201185
9782357201194,2357201193
9782357201552,235720155X
9782357201569,2357201568
9782357201590,2357201592
9782357201606,2357201606
9782357201651,2357201657
9782357201668,2357201665
9782357201675,2357201673
9782357201767,2357201762
9782357201798,2357201797
9782357201804,2357201800
9782357201828,2357201827
9782357201835,2357201835
9782357201842,2357201843
9782357201866,235720186X
9782357201910,2357201916
9782357201927,2357201924
9782357201941,2357201940
9782357201958,2357201959
9782357202047,2357202041
9782357202276,2357202270
9782357202412,2357202416
9782357202641,2357202645
9782357202962,2357202963
9782357202993,2357202998
9782357203105,2357203102
9782357203129,2357203129
9782357203556,2357203552
9782357203563,2357203560
9782357204157,235720415X
9782357204171,2357204176
9782357204218,2357204214
9782357204263,2357204265
9782357204324,235720432X
9782357204355,2357204354
9782357204508,2357204508
9782357204522,
9782357204553,2357204559
9782357204584,2357204583
9782357204614,2357204613
9782357204621,2357204621
9782357204669,2357204664
9782357204676,2357204672
9782357204720,2357204729
9782357204737,2357204737
9782357204768,2357204761
9782357204799,2357204796
9782357204829,2357204826
9782357204850,2357204850
9782357204867,2357204869
9782357204881,2357204885
9782357204980,2357204982
9782357204997,2357204990
9782357205024,2357205024
9782357205055,
9782357205093,2357205091
9782357205109,2357205105
9782357205130,235720513X
9782357205161,2357205164
9782357205192,2357205199
9782357205253,2357205253
9782357205284,2357205288
9782357205291,
9782357205338,2357205334
9782357205383,
9782357205406,2357205407
9782357205444,
9782357205451,
9782357205482,2357205482
9782357205512,
9782357205543,
9782357205550,
9782357205567,
9782357205581,235720558X
9782357205611,235720561X
9782357205635,2357205636
9782357205642,2357205644
9782357205703,2357205709
9782357205710,
9782357205819,2357205814
9782357205826,2357205822
9782357205925,
9782357205949,
9782357205963,2357205962
9782357205987,
9782357205994,2357205997
9782357206007,2357206004
9782357206137,
9782357206151,
9782357230002,2357230002
9782357230019,2357230010
9782357230040,2357230045
9782357230071,235723007X
9782357230095,2357230096
9782357230118,2357230118
9782357230125,
9782357230132,2357230134
9782357230149,2357230142
9782357230156,2357230150
9782357230163,2357230169
9782357230194,2357230193
9782357230217,2357230215
9782357230224,2357230223
9782357230248,235723024X
9782357230323,2357230320
9782357230330,2357230339
9782357230354,2357230355
9782357230361,2357230363
9782357230385,235723038X
9782357230415,235723041X
9782357230460,
9782357230491,2357230495
9782357230521,2357230525
9782357230811,2357230819
9782357230965,2357230967
9782357230972,
9782357230989,
9782357230996,
9782357231009,
9782357231016,
9782357231429,
9782357231436,
9782357231467,2357231467
9782357231474,
9782357231481,
9782357231498,
9782357231511,
9782357231528,
9782357231535,
9782357231542,
9782357231559,
9782357231573,
9782357231597,
9782357290310,2357290315
9782357290327,2357290323
9782357290334,2357290331
9782357290372,2357290374
9782357290389,2357290382
9782357290396,2357290390
9782357290402,2357290404
9782357290426,2357290420
9782357290433,2357290439
9782357290440,2357290447
9782357290457,2357290455
9782357290464,2357290463
9782357290471,2357290471
9782357290501,2357290501
9782357290518,235729051X
9782357290525,2357290528
9782357290563,2357290560
9782357290631,2357290633
9782357290655,235729065X
9782357290662,2357290668
9782357290686,2357290684
9782357290709,2357290706
9782357290723,2357290722
9782357290747,2357290749
9782357290754,2357290757
9782357290808,2357290803
9782357290815,2357290811
9782357290822,235729082X
9782357290846,2357290846
9782357290853,2357290854
9782357290914,2357290919
9782357291027,2357291028
9782357291096,2357291095
9782357291102,
9782357291119,
9782357291126,
9782357291133,
9782357291140,
9782357291164,
9782357291195,
9782357312487,2357312483
9782357312524,2357312521
9782357312548,2357312548
9782357312593,2357312599
9782357312630,2357312637
9782357312647,2357312645
9782357312654,2357312653
9782357312685,2357312688
9782357312708,235731270X
9782357312760,
9782357312777,
9782357312784,
9782357312791,2357312793
9782357312807,
9782357312814,2357312815
9782357312821,
9782357312845,
9782357312869,
9782357312876,
9782357312883,2357312882
9782357312890,
9782357312913,2357312912
9782357312920,
9782357312968,2357312963
9782357313002,
9782357313026,
9782357313033,
9782357313040,
9782357313057,
9782357313071,
9782357313088,
9782357330870,2357330872
9782357330917,2357330910
9782357330931,2357330937
9782357330955,2357330953
9782357330962,2357330961
9782357331013,2357331011
9782357331020,235733102X
9782357331044,2357331046
9782357331068,2357331062
9782357331105,2357331100
9782357331112,2357331119
9782357331136,2357331135
9782357331143,2357331143
9782357331181,2357331186
9782357331198,2357331194
9782357331204,2357331208
9782357331242,2357331240
9782357331259,2357331259
9782357331266,2357331267
9782357331273,2357331275
9782357331280,2357331283
9782357331297,2357331291
9782357331334,235733133X
9782357331341,2357331348
9782357331365,2357331364
9782357331389,2357331380
9782357331396,2357331399
9782357331402,2357331402
9782357331419,2357331410
9782357331457,2357331453
9782357331501,235733150X
9782357331518,2357331518
9782357331525,2357331526
9782357331532,2357331534
9782357331549,2357331542
9782357331556,2357331550
9782357331587,2357331585
9782357331594,2357331593
9782357331617,2357331615
9782357331631,2357331631
9782357331648,235733164X
9782357331686,2357331682
9782357331716,2357331712
9782357331723,2357331720
9782357331730,2357331739
9782357331778,2357331771
9782357331792,2357331798
9782357331822,2357331828
9782357331853,2357331852
9782357331860,2357331860
9782357331877,2357331879
9782357331884,2357331887
9782357331891,2357331895
9782357331907,2357331909
9782357331921,2357331925
9782357331938,2357331933
9782357331945,2357331941
9782357331969,2357331968
9782357331976,2357331976
9782357332010,2357332018
9782357332027,2357332026
9782357332034,2357332034
9782357332041,2357332042
9782357332065,2357332069
9782357332072,2357332077
9782357332256,2357332255
9782357332430,2357332433
9782357332577,2357332573
9782357332607,2357332603
9782357332614,2357332611
9782357332621,235733262X
9782357332638,2357332638
9782357332645,2357332646
9782357332669,2357332662
9782357332690,2357332697
9782357332706,2357332700
9782357332713,2357332719
9782357332737,2357332735
9782357332751,2357332751
9782357332782,2357332786
9782357332812,2357332816
9782357332867,2357332867
9782357332881,2357332883
9782357332904,2357332905
9782357332928,2357332921
9782357332935,235733293X
9782357332980,2357332980
9782357332997,2357332999
9782357333024,2357333022
9782357333031,
9782357333048,
9782357333055,2357333057
9782357333079,2357333073
9782357333161,2357333162
9782357333208,2357333200
9782357333215,2357333219
9782357333239,2357333235
9782357333321,2357333324
9782357333338,2357333332
9782357333369,2357333367
9782357333390,
9782357334182,2357334185
9782357334205,2357334207
9782357334649,2357334649
9782357334809,2357334800
9782357334847,2357334843
9782357334854,2357334851
9782357334861,235733486X
9782357334878,2357334878
9782357334885,2357334886
9782357334892,2357334894
9782357334908,2357334908
9782357334922,2357334924
9782357334939,
9782357334953,2357334959
9782357334960,2357334967
9782357334977,2357334975
9782357335004,2357335009
9782357335011,2357335017
9782357335035,2357335033
9782357335042,2357335041
9782357335066,2357335068
9782357335073,2357335076
9782357335103,2357335106
9782357335110,
9782357335127,2357335122
9782357335134,2357335130
9782357335141,2357335149
9782357335172,2357335173
9782357335196,235733519X
9782357335202,2357335203
9782357335226,
9782357335264,2357335262
9782357335271,2357335270
9782357335295,2357335297
9782357335301,2357335300
9782357335318,
9782357335325,2357335327
9782357335332,
9782357335356,
9782357335363,
9782357335370,
9782357335387,
9782357335394,
9782357335400,
9782357335431,2357335432
9782357335448,
9782357335455,
9782357335509,
9782357335516,
9782357335523,2357335521
9782357335530,
9782357335554,
9782357335561,
9782357335578,
9782357335585,2357335580
9782357335592,
9782357335608,
9782357335622,
9782357335639,
9782357335646,
9782357335653,
9782357335660,
9782357335677,
9782357335684,
9782357335691,
9782357335707,
9782357335721,
9782357335738,
9782357335745,
9782357335752,
9782357335769,
9782357335776,
9782357380400,2357380403
9782357380516,2357380519
9782357380530,
9782357380646,2357380640
9782357380752,2357380756
9782357381322,2357381329
9782357381650,2357381655
9782357381698,2357381698
9782357381780,2357381787
9782357382176,
9782357382190,2357382198
9782357382329,2357382325
9782357385221,
9782357385351,2357385359
9782357385368,
9782357385375,2357385375
9782357385443,
9782357385481,2357385480
9782357385511,2357385510
9782357385610,
9782357385818,2357385812
9782357385887,
9782357385900,
9782357385979,
9782357385986,
9782357386006,2357386002
9782357386075,235738607X
9782357386099,
9782357386143,
9782357386150,
9782357386259,
9782357386266,
9782357386273,
9782357386327,2357386320
9782357386334,
9782357386365,
9782357386396,
9782357386402,
9782357386426,
9782357386433,
9782357386440,
9782357386457,
9782357386488,
9782357386495,
9782357386532,
9782357386587,
9782357386600,
9782357390010,
9782357430501,2357430508
9782357430761,2357430761
9782357430778,235743077X
9782357430792,2357430796
9782357430808,235743080X
9782357430815,2357430818
9782357430822,2357430826
9782357430839,2357430834
9782357430846,2357430842
9782357430853,2357430850
9782357430877,2357430877
9782357430884,2357430885
9782357430891,2357430893
9782357430914,
9782357430921,2357430923
9782357430938,2357430931
9782357430945,235743094X
9782357430969,2357430966
9782357430983,2357430982
9782357430990,2357430990
9782357431027,2357431024
9782357431034,2357431032
9782357431058,2357431059
9782357431065,2357431067
9782357431072,2357431075
9782357431089,2357431083
9782357431096,2357431091
9782357431102,2357431105
9782357431119,2357431113
9782357431126,2357431121
9782357431133,235743113X
9782357431171,2357431172
9782357431188,2357431180
9782357431195,2357431199
9782357431218,2357431210
9782357431225,2357431229
9782357431232,2357431237
9782357431287,2357431288
9782357431300,235743130X
9782357431324,2357431326
9782357431331,2357431334
9782357431393,2357431393
9782357440258,2357440252
9782357440296,2357440295
9782357440425,2357440422
9782357440470,2357440473
9782357440753,2357440759
9782357440944,2357440945
9782357441125,2357441127
9782357441132,2357441135
9782357441156,2357441151
9782357441316,2357441313
9782357441323,
9782357441378,
9782357480452,
9782357480469,
9782357480476,
9782357480483,
9782357480490,2357480491
9782357480506,2357480505
9782357480513,2357480513
9782357480520,2357480521
9782357480544,2357480548
9782357480551,2357480556
9782357480575,2357480572
9782357480582,2357480580
9782357480612,2357480610
9782357480629,
9782357480643,2357480645
9782357480650,2357480653
9782357480667,2357480661
9782357480674,235748067X
9782357480681,2357480688
9782357480711,
9782357480728,
9782357480735,2357480734
9782357480742,
9782357480759,
9782357480773,2357480777
9782357480803,2357480807
9782357480810,
9782357480827,
9782357480834,
9782357480841,
9782357480858,
9782357480902,
9782357480940,2357480947
9782357481060,2357481064
9782357481077,2357481072
9782357481091,2357481099
9782357481107,
9782357500075,2357500077
9782357520615,2357520612
9782357520639,2357520639
9782357520745,2357520744
9782357520820,2357520825
9782357521018,2357521015
9782357521063,2357521066
9782357521100,2357521104
9782357521117,2357521112
9782357521148,2357521147
9782357521155,2357521155
9782357521179,2357521171
9782357521247,2357521244
9782357521254,2357521252
9782357521445,2357521449
9782357521452,2357521457
9782357521742,2357521740
9782357521841,2357521848
9782357521858,2357521856
9782357521889,2357521880
9782357521896,2357521899
9782357550063,2357550066
9782357550285,
9782357550292,
9782357550407,2357550406
9782357550421,
9782357550438,2357550430
9782357550445,2357550449
9782357550452,2357550457
9782357550469,
9782357550483,
9782357550513,
9782357550575,2357550570
9782357550582,
9782357550605,
9782357550612,
9782357550629,2357550627
9782357550650,
9782357550667,235755066X
9782357550698,2357550694
9782357550780,
9782357550841,2357550848
9782357550858,2357550856
9782357550865,2357550864
9782357550889,2357550880
9782357550896,
9782357550902,2357550902
9782357550919,2357550910
9782357551084,2357551089
9782357551091,
9782357551206,
9782357551237,
9782357551251,
9782357551275,
9782357551282,
9782357551503,
9782357570078,
9782357590007,
9782357590014,2357590017
9782357590038,2357590033
9782357590045,2357590041
9782357590052,235759005X
9782357590069,
9782357590083,2357590084
9782357590090,2357590092
9782357590106,2357590106
9782357590113,
9782357590120,2357590122
9782357590137,2357590130
9782357590144,2357590149
9782357590151,
9782357590168,2357590165
9782357590175,2357590173
9782357590182,2357590181
9782357590199,235759019X
9782357590212,
9782357590229,235759022X
9782357590236,
9782357590250,
9782357590342,
9782357590397,
9782357590410,
9782357590991,
9782357610262,2357610263
9782357610309,2357610301
9782357610316,235761031X
9782357610422,2357610425
9782357610538,2357610530
9782357610569,2357610565
9782357610576,2357610573
9782357610620,235761062X
9782357610682,2357610689
9782357611047,2357611049
9782357611160,
9782357611382,2357611383
9782357611498,2357611499
9782357611627,
9782357611696,2357611693
9782357611702,
9782357611719,2357611715
9782357611757,
9782357611764,2357611766
9782357611771,2357611774
9782357611788,2357611782
9782357611795,
9782357611825,2357611820
9782357611832,2357611839
9782357611887,235761188X
9782357611917,
9782357611955,2357611952
9782357611962,2357611960
9782357611979,2357611979
9782357611986,
9782357613010,
9782357613027,
9782357613041,
9782357613096,
9782357613102,2357613106
9782357630079,2357630078
9782357630086,
9782357630093,2357630094
9782357630109,
9782357630116,2357630116
9782357630147,
9782357630154,
9782357630161,
9782357630178,
9782357630185,
9782357630208,2357630205
9782357630215,
9782357630222,
9782357630239,235763023X
9782357630246,
9782357630253,
9782357630277,2357630272
9782357630307,
9782357630321,
9782357630345,
9782357630376,
9782357630925,
9782357630963,2357630965
9782357631281,
9782357631298,
9782357631311,2357631317
9782357631328,
9782357631335,2357631333
9782357631342,
9782357631359,
9782357631366,
9782357631373,
9782357631380,
9782357631397,
9782357631403,
9782357631410,
9782357631427,
9782357631434,2357631430
9782357631441,2357631449
9782357631458,
9782357631465,
9782357631472,
9782357631489,
9782357631496,
9782357631502,2357631503
9782357631519,2357631511
9782357631571,
9782357631601,
9782357631618,
9782357631625,
9782357631632,
9782357650152,235765015X
9782357650985,2357650982
9782357650992,2357650990
9782357651005,2357651008
9782357652064,2357652063
9782357652217,2357652217
9782357652453,2357652454
9782357655416,2357655410
9782357655492,2357655496
9782357656529,
9782357657267,235765726X
9782357657878,2357657871
9782357658332,2357658339
9782357658349,2357658347
9782357658394,2357658398
9782357658776,
9782357658783,2357658789
9782357658806,2357658800
9782357658813,
9782357658837,
9782357658851,
9782357658868,235765886X
9782357658875,
9782357658905,
9782357658912,
9782357658936,2357658932
9782357658943,2357658940
9782357658950,
9782357658967,2357658967
9782357658974,2357658975
9782357659063,2357659068
9782357659094,
9782357659117,2357659114
9782357659124,2357659122
9782357660366,2357660368
9782357660380,2357660384
9782357660403,2357660406
9782357660410,2357660414
9782357660434,2357660430
9782357660441,2357660449
9782357660458,2357660457
9782357660465,2357660465
9782357660489,2357660481
9782357660496,235766049X
9782357660526,235766052X
9782357660533,2357660538
9782357660540,2357660546
9782357660557,2357660554
9782357660571,2357660570
9782357660656,2357660651
9782357660748,2357660740
9782357660786,2357660783
9782357661271,2357661275
9782357661288,2357661283
9782357661622,2357661623
9782357661646,235766164X
9782357661653,2357661658
9782357661660,2357661666
9782357661684,2357661682
9782357661707,2357661704
9782357661745,2357661747
9782357661769,2357661763
9782357661776,2357661771
9782357661783,235766178X
9782357661844,
9782357670402,
9782357670426,
9782357670433,
9782357670440,
9782357670488,2357670487
9782357670495,
9782357670525,
9782357670549,
9782357670556,
9782357670563,2357670568
9782357670570,
9782357670587,2357670584
9782357670594,2357670592
9782357670600,
9782357670617,2357670614
9782357670631,2357670630
9782357670648,
9782357670655,
9782357670662,2357670665
9782357670679,
9782357670686,
9782357670693,235767069X
9782357670709,
9782357670716,
9782357670723,
9782357670730,2357670738
9782357670747,
9782357670754,
9782357670761,
9782357670778,
9782357670785,
9782357670792,2357670797
9782357670808,
9782357670815,
9782357670822,
9782357670839,
9782357670846,
9782357670853,2357670851
9782357670860,
9782357670877,2357670878
9782357670884,
9782357670891,
9782357670921,
9782357670938,2357670932
9782357670945,2357670940
9782357670952,2357670959
9782357670969,2357670967
9782357670976,
9782357670983,2357670983
9782357671003,
9782357671010,
9782357671027,2357671025
9782357671034,
9782357671041,2357671041
9782357671058,
9782357671065,2357671068
9782357671072,2357671076
9782357671089,2357671084
9782357671096,
9782357671102,
9782357671119,
9782357671126,
9782357671133,
9782357671140,2357671149
9782357671157,
9782357671164,2357671165
9782357671171,
9782357671195,
9782357671218,
9782357671225,235767122X
9782357671232,
9782357671249,
9782357671256,
9782357671263,2357671262
9782357671287,
9782357671294,2357671297
9782357671300,
9782357671317,
9782357671324,
9782357671331,
9782357671348,
9782357671355,
9782357671362,
9782357671379,
9782357671386,
9782357671416,
9782357671614,
9782357671621,
9782357671638,
9782357671645,
9782357671683,
9782357671713,
9782357671737,
9782357671744,
9782357671775,2357671777
9782357671799,2357671793
9782357671836,2357671831
9782357671843,
9782357671867,
9782357671874,
9782357671881,
9782357671898,
9782357671904,
9782357671911,
9782357671935,
9782357671973,
9782357671980,235767198X
9782357672314,
9782357672321,
9782357672338,
9782357672345,
9782357672710,2357672714
9782357672727,
9782357672734,
9782357672741,
9782357672758,
9782357672765,
9782357672772,
9782357672789,
9782357672796,
9782357672802,
9782357672819,
9782357672826,
9782357672833,
9782357672840,
9782357672857,
9782357672864,
9782357672871,
9782357672888,
9782357672895,
9782357672901,
9782357672918,
9782357672925,
9782357672932,
9782357672949,
9782357672956,
9782357672963,
9782357672970,
9782357672987,
9782357672994,
9782357673007,2357673001
9782357673014,
9782357673021,
9782357673038,
9782357673045,
9782357673052,
9782357673069,
9782357673076,
9782357673083,
9782357673090,
9782357673106,
9782357673113,
9782357673120,
9782357673137,
9782357673144,
9782357673151,
9782357673168,
9782357673175,
9782357673182,
9782357673199,
9782357673205,
9782357673212,
9782357673229,
9782357680074,2357680075
9782357680098,2357680091
9782357680302,235768030X
9782357680326,2357680326
9782357680333,2357680334
9782357680340,2357680342
9782357680395,2357680393
9782357680401,2357680407
9782357680418,
9782357680449,
9782357680494,
9782357680500,
9782357680524,
9782357680555,2357680555
9782357680593,
9782357680609,2357680601
9782357680616,
9782357680623,
9782357680630,
9782357680647,2357680644
9782357680654,2357680652
9782357680661,
9782357680678,
9782357680685,2357680687
9782357680692,2357680695
9782357681071,
9782357681088,
9782357681170,2357681179
9782357681217,
9782357681231,
9782357681255,
9782357681279,
9782357700048,2357700041
9782357700055,235770005X
9782357700178,2357700173
9782357700185,2357700181
9782357700352,2357700351
9782357700369,235770036X
9782357700505,2357700505
9782357700512,2357700513
9782357700529,2357700521
9782357700536,235770053X
9782357700543,2357700548
9782357700550,2357700556
9782357700567,2357700564
9782357700703,235770070X
9782357700727,2357700726
9782357700734,2357700734
9782357700741,2357700742
9782357700833,2357700831
9782357700864,2357700866
9782357701007,2357701005
9782357701014,2357701013
9782357701021,2357701021
9782357701205,
9782357701212,
9782357701403,2357701404
9782357701410,2357701412
9782357701472,2357701471
9782357701502,2357701501
9782357701663,
9782357701670,
9782357702127,
9782357702134,
9782357702608,2357702605
9782357702615,2357702613
9782357702622,
9782357702639,235770263X
9782357702660,
9782357702677,2357702672
9782357702684,2357702680
9782357702691,2357702699
9782357702707,
9782357702738,2357702737
9782357702745,
9782357703032,
9782357703049,
9782357703056,
9782357703117,
9782357703124,
9782357703131,235770313X
9782357703148,2357703148
9782357703155,2357703156
9782357703162,
9782357703179,2357703172
9782357710054,
9782357710221,
9782357710238,
9782357710528,
9782357710610,
9782357750005,
9782357750029,
9782357760028,
9782357760097,
9782357760103,2357760109
9782357760134,
9782357760158,235776015X
9782357760196,2357760192
9782357760202,2357760206
9782357760233,2357760230
9782357760271,2357760273
9782357760288,2357760281
9782357760356,2357760354
9782357760394,
9782357760448,
9782357760592,2357760591
9782357760684,
9782357790285,2357790288
9782357790537,2357790539
9782357790544,2357790547
9782357790551,2357790555
9782357790568,2357790563
9782357790575,2357790571
9782357790582,235779058X
9782357790599,
9782357790605,2357790601
9782357790612,235779061X
9782357790629,2357790628
9782357790636,2357790636
9782357790650,2357790652
9782357790674,2357790679
9782357790681,2357790687
9782357790704,2357790709
9782357790711,2357790717
9782357790728,2357790725
9782357790735,2357790733
9782357790759,235779075X
9782357790780,2357790784
9782357790797,2357790792
9782357790803,2357790806
9782357790810,2357790814
9782357790827,2357790822
9782357790834,2357790830
9782357790858,2357790857
9782357790865,2357790865
9782357790872,2357790873
9782357790889,2357790881
9782357790896,235779089X
9782357790902,2357790903
9782357790919,2357790911
9782357790926,235779092X
9782357790933,2357790938
9782357790940,2357790946
9782357790957,2357790954
9782357791008,2357791004
9782357791015,2357791012
9782357791022,2357791020
9782357791039,2357791039
9782357791046,2357791047
9782357791053,2357791055
9782357791060,2357791063
9782357791077,2357791071
9782357791084,235779108X
9782357791091,2357791098
9782357791107,2357791101
9782357791114,235779111X
9782357791121,2357791128
9782357791138,2357791136
9782357791145,2357791144
9782357791152,2357791152
9782357791169,2357791160
9782357791176,2357791179
9782357791183,2357791187
9782357791190,2357791195
9782357791206,2357791209
9782357791213,2357791217
9782357791220,2357791225
9782357791237,2357791233
9782357791244,2357791241
9782357791251,235779125X
9782357791268,2357791268
9782357791275,2357791276
9782357791282,2357791284
9782357791299,2357791292
9782357791305,2357791306
9782357791312,2357791314
9782357791329,2357791322
9782357791336,2357791330
9782357791343,2357791349
9782357791350,2357791357
9782357791367,2357791365
9782357791374,2357791373
9782357791381,2357791381
9782357791398,235779139X
9782357791404,2357791403
9782357791411,2357791411
9782357791428,235779142X
9782357791435,2357791438
9782357791442,2357791446
9782357791459,2357791454
9782357791466,2357791462
9782357791473,2357791470
9782357791480,2357791489
9782357791497,2357791497
9782357791503,2357791500
9782357791510,2357791519
9782357791565,235779156X
9782357791572,2357791578
9782357791589,2357791586
9782357791596,2357791594
9782357791602,2357791608
9782357791619,
9782357791626,2357791624
9782357791633,
9782357791640,2357791640
9782357791657,2357791659
9782357791664,2357791667
9782357791671,2357791675
9782357791688,2357791683
9782357791695,2357791691
9782357791701,2357791705
9782357791718,2357791713
9782357791725,2357791721
9782357791732,235779173X
9782357791749,
9782357791756,2357791756
9782357791763,2357791764
9782357791770,2357791772
9782357791787,2357791780
9782357791794,2357791799
9782357791800,2357791802
9782357791817,2357791810
9782357791824,2357791829
9782357791831,2357791837
9782357791848,2357791845
9782357791855,2357791853
9782357791862,2357791861
9782357791879,235779187X
9782357791886,2357791888
9782357791893,2357791896
9782357791909,235779190X
9782357791923,2357791926
9782357791930,2357791934
9782357791947,2357791942
9782357791961,2357791969
9782357791978,2357791977
9782357791985,2357791985
9782357791992,2357791993
9782357792401,235779240X
9782357792418,2357792418
9782357792425,2357792426
9782357792432,2357792434
9782357792470,2357792477
9782357792487,2357792485
9782357792494,2357792493
9782357792517,2357792515
9782357792562,2357792566
9782357792678,2357792671
9782357792739,2357792736
9782357792791,
9782357792906,2357792906
9782357792920,2357792922
9782357793026,2357793023
9782357793040,235779304X
9782357793088,2357793082
9782357793187,235779318X
9782357793200,2357793201
9782357793224,2357793228
9782357793309,2357793309
9782357793378,2357793376
9782357793408,2357793406
9782357793606,2357793600
9782357793620,2357793627
9782357793644,2357793643
9782357793736,2357793732
9782357793828,2357793821
9782357793941,2357793945
9782357794054,2357794054
9782357794146,2357794143
9782357794160,235779416X
9782357794498,2357794496
9782357794597,2357794593
9782357794849,2357794844
9782357794917,2357794917
9782357794979,2357794976
9782357795174,2357795174
9782357795365,
9782357795389,2357795387
9782357795402,2357795409
9782357795426,2357795425
9782357795440,2357795441
9782357795662,2357795662
9782357795907,2357795905
9782357795938,235779593X
9782357795952,2357795956
9782357796126,235779612X
9782357796201,
9782357796263,235779626X
9782357796379,2357796375
9782357800212,
9782357800236,2357800232
9782357800250,
9782357800274,2357800275
9782357800656,
9782357800694,2357800690
9782357800717,
9782357800731,2357800739
9782357800755,
9782357800885,2357800887
9782357800946,
9782357800953,
9782357800960,
9782357800977,
9782357800984,
9782357800991,
9782357801004,
9782357801028,
9782357801035,
9782357801042,
9782357801059,2357801050
9782357801066,
9782357801073,
9782357801080,
9782357801097,
9782357801103,
9782357801110,
9782357801127,
9782357801134,
9782357801141,
9782357801158,
9782357801165,
9782357801172,2357801174
9782357801189,
9782357840294,
9782357840355,2357840358
9782357840416,2357840412
9782357840423,
9782357840430,2357840439
9782357840447,
9782357840454,2357840455
9782357840461,
9782357840478,2357840471
9782357840485,
9782357840492,2357840498
9782357840508,
9782357840515,235784051X
9782357840522,
9782357840539,
9782357840546,2357840544
9782357840560,
9782357840577,
9782357840584,2357840587
9782357840591,2357840595
9782357840607,2357840609
9782357840621,2357840625
9782357840638,
9782357840645,2357840641
9782357840652,235784065X
9782357840669,
9782357840676,2357840676
9782357840683,
9782357840690,
9782357840706,2357840706
9782357840713,
9782357840720,2357840722
9782357840737,
9782357840744,
9782357840751,2357840757
9782357840768,
9782357840775,2357840773
9782357840782,2357840781
9782357840799,235784079X
9782357840805,
9782357840812,
9782357840836,
9782357840843,
9782357840850,
9782357840867,
9782357840874,
9782357840881,
9782357840898,
9782357840904,
9782357920323,2357920327
9782357920507,
9782357920514,
9782357920682,2357920688
9782357920729,2357920726
9782357920750,2357920750
9782357920798,2357920793
9782357920804,
9782357920811,2357920815
9782357920828,
9782357920866,
9782357920903,
9782357920910,
9782357920934,2357920939
9782357920941,
9782357920958,
9782357920965,
9782357920972,
9782357920989,
9782357920996,
9782357921009,
9782357921016,
9782357921023,
9782357960008,2357960000
9782357960015,2357960019
9782357960022,2357960027
9782357960046,
9782357960053,2357960051
9782357960107,
9782357960121,
9782357960152,2357960159
9782357960169,
9782357960176,
9782357960183,2357960183
9782357960190,2357960191
9782357960206,
9782357960220,
9782357960251,2357960256
9782357960268,
9782357960275,
9782357960329,
9782357960343,2357960345
9782357960350,
9782357960367,
9782357960374,
9782357960398,
9782357960480,
9782357990005,2357990007
9782357990012,2357990015
9782357990029,
9782357990036,
9782357990043,
9782357990050,2357990058
9782357990067,2357990066
9782357990074,
9782357990081,2357990082
9782357990098,2357990090
9782357990104,
9782357990425,2357990422
9782357990432,2357990430
9782357990449,2357990449
9782357990456,2357990457
9782357990463,
9782357990470,
9782357990487,
9782357990494,
9782357990500,
9782357990517,2357990511
9782357990692,
9782357990708,
9782357990777,
9782357990784,2357990783
9782357990791,
9782357990807,2357990805
9782357990845,
9782357990937,2357990937
9782357990944,
9782358040136,
9782358050197,2358050199
9782358050203,2358050202
9782358050227,2358050229
9782358050234,2358050237
9782358050241,
9782358050265,2358050261
9782358050272,235805027X
9782358050296,2358050296
9782358050302,235805030X
9782358050319,2358050318
9782358050326,2358050326
9782358050333,2358050334
9782358050340,2358050342
9782358050357,2358050350
9782358050371,2358050377
9782358050388,2358050385
9782358050395,2358050393
9782358050425,2358050423
9782358050432,2358050431
9782358050449,235805044X
9782358050463,2358050466
9782358050470,2358050474
9782358050487,2358050482
9782358050494,2358050490
9782358050500,2358050504
9782358050517,2358050512
9782358050524,2358050520
9782358050531,2358050539
9782358050548,2358050547
9782358050555,2358050555
9782358050562,2358050563
9782358050579,2358050571
9782358050586,235805058X
9782358050593,2358050598
9782358050609,2358050601
9782358050760,2358050768
9782358050777,
9782358050821,2358050822
9782358050845,2358050849
9782358050876,2358050873
9782358050944,2358050946
9782358050951,2358050954
9782358050999,2358050997
9782358051361,2358051365
9782358051392,235805139X
9782358051408,2358051403
9782358051415,2358051411
9782358051446,2358051446
9782358051477,2358051470
9782358051507,2358051500
9782358051521,2358051527
9782358051552,2358051551
9782358051569,235805156X
9782358051576,2358051578
9782358051958,2358051950
9782358052290,2358052299
9782358052306,2358052302
9782358052313,
9782358052320,2358052329
9782358052337,2358052337
9782358052344,2358052345
9782358052351,2358052353
9782358052368,
9782358052375,
9782358052382,2358052388
9782358052399,
9782358052405,235805240X
9782358052412,2358052418
9782358052429,2358052426
9782358052436,
9782358052443,
9782358052467,2358052469
9782358052474,
9782358052481,2358052485
9782358052498,2358052493
9782358052511,2358052515
9782358052528,
9782358052535,
9782358052542,
9782358052597,2358052590
9782358150095,2358150096
9782358150248,235815024X
9782358150262,2358150266
9782358150279,2358150274
9782358150361,2358150363
9782358150378,2358150371
9782358150385,235815038X
9782358150415,235815041X
9782358150439,2358150436
9782358150446,2358150444
9782358150453,2358150452
9782358150477,2358150479
9782358150484,2358150487
9782358150507,2358150509
9782358150552,235815055X
9782358150569,2358150568
9782358150606,2358150606
9782358150620,2358150622
9782358150637,2358150630
9782358150644,2358150649
9782358150651,2358150657
9782358150675,2358150673
9782358150682,2358150681
9782358150712,2358150711
9782358150736,2358150738
9782358150750,2358150754
9782358150781,2358150789
9782358150804,2358150800
9782358150835,
9782358150989,2358150983
9782358151009,2358151009
9782358151016,2358151017
9782358151030,2358151033
9782358151047,2358151041
9782358151054,235815105X
9782358151085,2358151084
9782358151092,2358151092
9782358151108,2358151106
9782358151115,2358151114
9782358151139,2358151130
9782358151146,2358151149
9782358151153,2358151157
9782358151160,2358151165
9782358151177,2358151173
9782358151184,2358151181
9782358151207,2358151203
9782358151214,2358151211
9782358151238,2358151238
9782358151245,2358151246
9782358151306,2358151300
9782358151313,2358151319
9782358151337,2358151335
9782358151344,2358151343
9782358151351,2358151351
9782358151368,235815136X
9782358151375,2358151378
9782358151542,2358151548
9782358151832,2358151831
9782358151849,235815184X
9782358151863,2358151866
9782358152310,2358152315
9782358152334,2358152331
9782358152396,2358152390
9782358152433,2358152439
9782358152440,2358152447
9782358152457,2358152455
9782358152464,2358152463
9782358152471,2358152471
9782358152488,
9782358152495,
9782358152501,2358152501
9782358152518,235815251X
9782358152525,
9782358152532,2358152536
9782358152549,
9782358152556,2358152552
9782358152570,2358152579
9782358152587,2358152587
9782358152594,2358152595
9782358152600,
9782358152617,2358152617
9782358152648,2358152641
9782358152655,235815265X
9782358152662,2358152668
9782358152693,
9782358152709,
9782358152723,
9782358152730,
9782358152754,2358152757
9782358152761,2358152765
9782358152778,
9782358152785,
9782358152792,
9782358152808,
9782358152815,
9782358152822,
9782358152877,
9782358152891,
9782358152907,2358152900
9782358152914,
9782358152921,
9782358152938,
9782358200097,2358200093
9782358210270,2358210277
9782358210287,2358210285
9782358210300,2358210307
9782358210348,235821034X
9782358210355,2358210358
9782358210362,
9782358210379,2358210374
9782358210416,2358210412
9782358210447,
9782358210454,
9782358210461,2358210463
9782358210478,2358210471
9782358210492,2358210498
9782358210522,2358210528
9782358210553,
9782358210577,2358210579
9782358210607,2358210609
9782358210614,2723477053
9782358210621,
9782358210638,
9782358210645,2358210641
9782358210652,235821065X
9782358210669,2358210668
9782358210676,2358210676
9782358210683,
9782358210690,2358210692
9782358210706,2358210706
9782358210737,2358210730
9782358210744,2358210749
9782358210782,2358210781
9782358210799,
9782358210812,2358210811
9782358210829,235821082X
9782358210836,2358210838
9782358210928,2358210927
9782358210973,2358210978
9782358210997,2358210994
9782358211260,2358211265
9782358211291,235821129X
9782358211307,
9782358211321,235821132X
9782358211338,2358211338
9782358211345,2358211346
9782358211369,
9782358211376,
9782358211383,2358211389
9782358211406,2358211400
9782358211413,
9782358240000,
9782358240024,
9782358240048,
9782358260350,
9782358300148,
9782358310000,235831000X
9782358310123,2358310123
9782358310130,2358310131
9782358310147,235831014X
9782358310154,2358310158
9782358310178,2358310174
9782358310185,2358310182
9782358310352,2358310352
9782358310406,2358310409
9782358310444,2358310441
9782358310451,235831045X
9782358310475,2358310476
9782358310529,2358310522
9782358310567,2358310565
9782358310574,2358310573
9782358310581,2358310581
9782358310635,2358310638
9782358320504,2358320501
9782358320528,2358320528
9782358320535,2358320536
9782358320634,2358320633
9782358320696,2358320692
9782358320702,2358320706
9782358320719,2358320714
9782358320726,2358320722
9782358320740,2358320749
9782358320757,2358320757
9782358320818,2358320811
9782358320825,235832082X
9782358320832,2358320838
9782358320870,2358320870
9782358320900,2358320900
9782358320931,2358320935
9782358320948,2358320943
9782358320955,2358320951
9782358320962,235832096X
9782358320986,2358320986
9782358321020,2358321028
9782358321044,2358321044
9782358321051,2358321052
9782358321082,2358321087
9782358321099,2358321095
9782358321129,2358321125
9782358321136,2358321133
9782358321150,235832115X
9782358321198,2358321192
9782358321280,2358321281
9782358321327,235832132X
9782358321341,2358321346
9782358321433,2358321435
9782358321440,2358321443
9782358321471,2358321478
9782358321525,2358321524
9782358321556,2358321559
9782358321563,2358321567
9782358321570,2358321575
9782358321648,2358321648
9782358321662,2358321664
9782358321716,2358321710
9782358321723,2358321729
9782358322140,2358322148
9782358322157,2358322156
9782358322188,2358322180
9782358322195,2358322199
9782358322362,2358322369
9782358322744,2358322741
9782358322751,235832275X
9782358322768,2358322768
9782358322775,2358322776
9782358322782,2358322784
9782358322799,2358322792
9782358322812,2358322814
9782358322829,2358322822
9782358322836,2358322830
9782358322843,2358322849
9782358322850,2358322857
9782358322867,2358322865
9782358322874,2358322873
9782358322881,2358322881
9782358322898,235832289X
9782358322904,2358322903
9782358322911,2358322911
9782358322935,2358322938
9782358322942,2358322946
9782358322959,2358322954
9782358322966,2358322962
9782358322973,2358322970
9782358322980,
9782358322997,2358322997
9782358323000,
9782358323017,
9782358323024,2358323020
9782358323031,
9782358323048,
9782358323055,
9782358323062,
9782358323079,
9782358323086,
9782358323093,
9782358323109,2358323101
9782358323116,235832311X
9782358323123,
9782358323130,
9782358323147,
9782358323154,
9782358323178,2358323179
9782358400374,
9782358430081,2358430080
9782358430104,2358430102
9782358430135,
9782358430159,2358430153
9782358430166,2358430161
9782358430173,235843017X
9782358430180,2358430188
9782358430197,
9782358430203,
9782358430210,
9782358430227,
9782358430296,2358430293
9782358430302,2358430307
9782358430340,235843034X
9782358430357,2358430358
9782358430371,2358430374
9782358430388,2358430382
9782358430401,2358430404
9782358430418,2358430412
9782358430432,2358430439
9782358430456,2358430455
9782358431262,
9782358431286,
9782358431293,
9782358431309,
9782358431316,
9782358431330,
9782358431347,
9782358431354,2358431354
9782358431361,
9782358431385,2358431389
9782358431392,
9782358431408,
9782358431415,
9782358443128,2358443123
9782358443395,
9782358443425,2358443425
9782358443456,
9782358443548,2358443549
9782358443579,
9782358443692,2358443697
9782358443791,2358443794
9782358443883,2358443883
9782358443913,
9782358444200,
9782358444422,
9782358444453,
9782358444514,
9782358444576,
9782358444606,
9782358480130,2358480134
9782358480178,2358480177
9782358480222,2358480223
9782358480253,2358480258
9782358480260,2358480266
9782358480307,2358480304
9782358480314,2358480312
9782358480321,2358480320
9782358480338,2358480339
9782358480345,2358480347
9782358480376,2358480371
9782358480383,235848038X
9782358480390,2358480398
9782358480413,235848041X
9782358480437,2358480436
9782358480451,2358480452
9782358480499,2358480495
9782358480543,2358480541
9782358480550,235848055X
9782358480567,2358480568
9782358480581,2358480584
9782358480642,2358480649
9782358480673,2358480673
9782358480956,
9782358481069,2358481068
9782358481076,2358481076
9782358481083,
9782358481106,2358481106
9782358481120,2358481122
9782358481168,2358481165
9782358481175,2358481173
9782358481182,2358481181
9782358481199,
9782358481212,
9782358481229,
9782358481236,2358481238
9782358481250,2358481254
9782358481380,2358481386
9782358481403,2358481408
9782358481410,2358481416
9782358481427,
9782358481441,2358481440
9782358481458,
9782358481519,
9782358481526,2358481521
9782358481533,235848153X
9782358481540,
9782358481557,
9782358481564,2358481564
9782358481571,
9782358481748,
9782358481793,
9782358481847,
9782358481854,
9782358481861,
9782358510165,2358510165
9782358510233,2358510238
9782358510387,2358510386
9782358510462,2358510467
9782358510523,2358510521
9782358510530,235851053X
9782358510561,2358510564
9782358510707,235851070X
9782358510738,2358510734
9782358510769,2358510769
9782358510776,2358510777
9782358510790,2358510793
9782358510806,2358510807
9782358510837,2358510831
9782358510868,2358510866
9782358510929,2358510920
9782358510943,2358510947
9782358510950,2358510955
9782358510981,235851098X
9782358540186,2358540188
9782358540223,
9782358540636,
9782358540933,
9782358541473,
9782358541480,
9782358590136,2358590134
9782358590198,
9782358590204,
9782358590235,
9782358590242,235859024X
9782358590259,
9782358590327,
9782358590389,
9782358590495,
9782358590501,2358590509
9782358590686,2358590681
9782358590990,
9782358591027,
9782358591041,
9782358591058,
9782358591072,
9782358591089,
9782358591096,
9782358591102,
9782358591119,
9782358591126,2358591122
9782358591133,
9782358591140,
9782358591225,
9782358591232,
9782358591249,
9782358591256,
9782358591263,
9782358591270,
9782358591287,2358591289
9782358591294,
9782358591300,
9782358591317,
9782358591331,
9782358591386,
9782358591393,
9782358591409,2358591408
9782358591416,2358591416
9782358591423,
9782358591454,2358591459
9782358640046,
9782358640114,
9782358640121,
9782358640138,2358640131
9782358640145,235864014X
9782358640176,
9782358640183,2358640182
9782358640206,2358640204
9782358640213,2358640212
9782358640220,2358640220
9782358640237,2358640239
9782358640251,
9782358640275,2358640271
9782358640282,235864028X
9782358640299,
9782358640305,2358640301
9782358640312,
9782358640336,
9782358640343,
9782358640367,2358640360
9782358640473,2358640476
9782358640480,2358640484
9782358640510,2358640514
9782358640527,2358640522
9782358640534,2358640530
9782358640558,2358640557
9782358640602,2358640603
9782358640886,
9782358641111,
9782358641135,
9782358641166,
9782358660082,
9782358660181,
9782358660198,
9782358660204,
9782358660211,
9782358660228,
9782358660235,
9782358660242,
9782358660266,
9782358660280,
9782358660297,
9782358660310,
9782358660327,2358660329
9782358660334,
9782358660358,
9782358660365,
9782358660372,
9782358660389,
9782358660396,
9782358660402,
9782358660426,
9782358660433,
9782358660495,
9782358660518,
9782358661096,
9782358661171,
9782358661249,2358661244
9782358661256,
9782358661294,
9782358661300,
9782358661317,
9782358661379,
9782358661386,
9782358661393,
9782358661409,
9782358661416,
9782358661423,
9782358661430,
9782358661447,
9782358661454,
9782358661461,
9782358661478,
9782358661508,
9782358661515,
9782358661539,2358661538
9782358661546,
9782358661553,
9782358661577,
9782358661638,
9782358661652,
9782358661683,
9782358661690,
9782358661706,
9782358661713,2358661716
9782358661720,
9782358661744,
9782358661751,
9782358661768,
9782358661775,2358661775
9782358661782,2358661783
9782358661799,
9782358661805,
9782358663014,
9782358663052,
9782358663083,
9782358663090,
9782358663106,
9782358665025,
9782358665032,
9782358665056,
9782358665087,
9782358665209,
9782358665216,
9782358665230,
9782358665247,
9782358667012,
9782358710015,2358710016
9782358710022,2358710024
9782358710046,2358710040
9782358710107,2358710105
9782358710138,235871013X
9782358710145,2358710148
9782358710152,2358710156
9782358710176,2358710172
9782358710183,2358710180
9782358710190,2358710199
9782358710206,2358710202
9782358710220,2358710229
9782358710282,2358710288
9782358710299,2358710296
9782358710305,235871030X
9782358710329,2358710326
9782358710367,2358710369
9782358710381,2358710385
9782358710404,2358710407
9782358710428,2358710423
9782358710435,2358710431
9782358710459,2358710458
9782358710466,2358710466
9782358710480,2358710482
9782358710497,2358710490
9782358710503,2358710504
9782358710534,2358710539
9782358710558,2358710555
9782358710572,2358710571
9782358710596,
9782358710602,2358710601
9782358710619,235871061X
9782358710640,2358710644
9782358710657,2358710652
9782358710701,2358710709
9782358710718,2358710717
9782358710732,2358710733
9782358710749,2358710741
9782358710756,235871075X
9782358710787,2358710784
9782358710794,2358710792
9782358710800,2358710806
9782358710817,2358710814
9782358710848,2358710849
9782358710862,2358710865
9782358710879,2358710873
9782358710909,
9782358710916,
9782358710978,2358710970
9782358711272,
9782358711296,2358711292
9782358711302,2358711306
9782358711319,2358711314
9782358711326,2358711322
9782358711333,2358711330
9782358711364,
9782358711371,2358711373
9782358711395,
9782358711401,2358711403
9782358711418,2358711411
9782358711425,235871142X
9782358711432,2358711438
9782358711449,
9782358711456,
9782358711470,
9782358711487,
9782358711494,
9782358711500,
9782358711517,2358711519
9782358711524,2358711527
9782358711548,2358711543
9782358711555,2358711551
9782358711579,
9782358711586,2358711586
9782358711609,
9782358711616,
9782358711630,
9782358720083,2358720089
9782358720120,2358720127
9782358720137,2358720135
9782358720168,235872016X
9782358720175,2358720178
9782358720182,2358720186
9782358720199,2358720194
9782358720205,2358720208
9782358720212,2358720216
9782358720229,2358720224
9782358720236,2358720232
9782358720243,2358720240
9782358720250,2358720259
9782358720267,2358720267
9782358720274,2358720275
9782358720281,2358720283
9782358720298,
9782358720304,2358720305
9782358720328,2358720321
9782358720335,235872033X
9782358720342,2358720348
9782358720380,2358720380
9782358720434,2358720437
9782358720489,2358720488
9782358720496,2358720496
9782358720502,235872050X
9782358720519,2358720518
9782358720526,2358720526
9782358720564,2358720569
9782358720571,2358720577
9782358720588,2358720585
9782358720595,2358720593
9782358720601,2358720607
9782358720618,2358720615
9782358720625,2358720623
9782358720656,2358720658
9782358720663,2358720666
9782358720670,2358720674
9782358720854,2358720852
9782358720861,2358720860
9782358720878,2358720879
9782358721561,2358721565
9782358721707,2358721700
9782358721714,2358721719
9782358721738,2358721735
9782358721745,2358721743
9782358721752,2358721751
9782358721783,2358721786
9782358721790,2358721794
9782358721868,2358721867
9782358721875,2358721875
9782358721882,2358721883
9782358721899,2358721891
9782358721905,2358721905
9782358721912,2358721913
9782358721929,2358721921
9782358721936,235872193X
9782358721943,2358721948
9782358721950,2358721956
9782358721967,2358721964
9782358722001,
9782358722018,2358722014
9782358722025,2358722022
9782358722032,2358722030
9782358722049,2358722049
9782358722056,
9782358722063,2358722065
9782358722070,2358722073
9782358722087,2358722081
9782358722094,235872209X
9782358722117,2358722111
9782358722131,2358722138
9782358730198,235873019X
9782358730204,2358730203
9782358730211,2358730211
9782358730228,235873022X
9782358730235,2358730238
9782358730242,2358730246
9782358730259,2358730254
9782358730266,2358730262
9782358730273,2358730270
9782358730280,2358730289
9782358730297,2358730297
9782358730303,2358730300
9782358730310,2358730319
9782358730334,2358730335
9782358730341,2358730343
9782358730358,2358730351
9782358730365,235873036X
9782358730372,2358730378
9782358730389,
9782358730396,2358730394
9782358730402,2358730408
9782358730419,2358730416
9782358730426,2358730424
9782358730440,2358730440
9782358730457,2358730459
9782358730464,2358730467
9782358730471,2358730475
9782358730488,2358730483
9782358730556,2358730556
9782358730563,2358730564
9782358730587,2358730580
9782358730594,2358730599
9782358730600,2358730602
9782358730617,2358730610
9782358730624,2358730629
9782358730648,2358730645
9782358730655,2358730653
9782358730686,2358730688
9782358730709,235873070X
9782358730716,2358730718
9782358730723,2358730726
9782358730730,2358730734
9782358730747,2358730742
9782358730938,2358730939
9782358730983,235873098X
9782358731058,2358731056
9782358731065,2358731064
9782358731072,2358731072
9782358731232,2358731234
9782358731249,2358731242
9782358731256,2358731250
9782358731263,2358731269
9782358731270,2358731277
9782358731287,2358731285
9782358731294,2358731293
9782358731317,
9782358731324,2358731323
9782358731331,2358731331
9782358731355,2358731358
9782358731362,2358731366
9782358731379,2358731374
9782358731386,2358731382
9782358731393,
9782358731409,2358731404
9782358731416,2358731412
9782358731423,
9782358731539,2358731536
9782358731546,2358731544
9782358731553,2358731552
9782358731560,
9782358731584,
9782358731591,2358731595
9782358731607,
9782358731614,2358731617
9782358731621,
9782358731638,
9782358740135,
9782358740142,
9782358740159,
9782358740173,
9782358740180,
9782358740203,
9782358740227,
9782358740234,
9782358740241,
9782358740258,235874025X
9782358740265,
9782358740289,
9782358740302,2358740306
9782358740319,
9782358740326,
9782358740357,
9782358740364,
9782358740388,
9782358770019,2358770019
9782358770026,2358770027
9782358770064,235877006X
9782358770125,2358770124
9782358770231,235877023X
9782358770248,2358770248
9782358800136,2358800139
9782358800150,2358800155
9782358800167,2358800163
9782358800181,235880018X
9782358800198,2358800198
9782358800204,2358800201
9782358800211,235880021X
9782358800228,2358800228
9782358800242,2358800244
9782358800259,2358800252
9782358800266,2358800260
9782358800273,2358800279
9782358800280,2358800287
9782358800297,2358800295
9782358800310,2358800317
9782358800327,2358800325
9782358800334,2358800333
9782358800341,2358800341
9782358800358,235880035X
9782358800365,2358800368
9782358800372,2358800376
9782358800396,2358800392
9782358800402,2358800406
9782358800419,2358800414
9782358800433,2358800430
9782358800600,2358800600
9782358800631,2358800635
9782358800648,2358800643
9782358800655,2358800651
9782358800662,235880066X
9782358800679,2358800678
9782358800686,2358800686
9782358800891,2358800899
9782358800907,2358800902
9782358801232,2358801232
9782358801249,2358801240
9782358801256,
9782358801263,
9782358801270,
9782358801287,2358801283
9782358801294,
9782358801300,
9782358801317,
9782358801324,2358801321
9782358801331,
9782358801348,
9782358801355,
9782358801362,2358801364
9782358801379,2358801372
9782358801386,2358801380
9782358801393,
9782358801409,
9782358801416,
9782358801423,2358801429
9782358801430,2358801437
9782358801454,
9782358801461,2358801461
9782358801478,235880147X
9782358801485,2358801488
9782358801492,2358801496
9782358801508,
9782358820011,
9782358820042,
9782358820059,2358820059
9782358820103,
9782358820226,
9782358840040,2358840041
9782358840057,235884005X
9782358840064,2358840068
9782358840118,2358840114
9782358840125,2358840122
9782358840132,2358840130
9782358840149,2358840149
9782358840156,2358840157
9782358840163,2358840165
9782358840170,2358840173
9782358840187,2358840181
9782358840194,235884019X
9782358840200,2358840203
9782358840255,2358840254
9782358840262,2358840262
9782358840279,2358840270
9782358840286,2358840289
9782358840293,2358840297
9782358840316,2358840319
9782358840361,235884036X
9782358840378,2358840378
9782358840408,2358840408
9782358840583,
9782358840637,
9782358840651,2358840653
9782358840767,2358840769
9782358840774,
9782358840781,2358840785
9782358840798,2358840793
9782358840811,
9782358840828,
9782358840835,2358840831
9782358840842,
9782358840866,
9782358840873,
9782358840897,
9782358840903,
9782358840910,2358840912
9782358840927,
9782358840934,
9782358840941,2358840947
9782358840958,
9782358840972,
9782358841009,
9782358841016,
9782358841023,
9782358841108,
9782358841122,
9782358841139,
9782358841160,
9782358870153,2358870153
9782358870290,2358870293
9782358870306,2358870307
9782358870313,2358870315
9782358870399,2358870390
9782358870405,2358870404
9782358870436,2358870439
9782358870504,2358870501
9782358870597,2358870595
9782358870627,2358870625
9782358870757,2358870757
9782358870764,2358870765
9782358870849,2358870846
9782358871389,2358871389
9782358871396,2358871397
9782358871402,2358871400
9782358871419,2358871419
9782358872577,2358872571
9782358872683,2358872687
9782358872713,2358872717
9782358872720,2358872725
9782358872737,2358872733
9782358872751,235887275X
9782358873604,2358873608
9782358873611,2358873616
9782358873635,2358873632
9782358873796,2358873799
9782358873840,2358873845
9782358873895,2358873896
9782358874915,2358874914
9782358874922,2358874922
9782358874939,2358874930
9782358874977,
9782358875240,2358875244
9782358875295,2358875295
9782358875349,2358875341
9782358875417,2358875414
9782358875462,2358875465
9782358875561,2358875562
9782358875622,2358875627
9782358875677,2358875678
9782358875721,2358875724
9782358875776,2358875775
9782358875820,2358875821
9782358875875,2358875872
9782358875929,2358875929
9782358875974,235887597X
9782358876025,235887602X
9782358876070,2358876070
9782358876124,2358876127
9782358876179,2358876178
9782358876186,2358876186
9782358876193,
9782358876209,2358876208
9782358876254,2358876259
9782358876391,
9782358876445,2358876445
9782358876490,2358876496
9782358876599,
9782358876643,
9782358876742,2358876747
9782358876797,2358876798
9782358876841,
9782358876957,235887695X
9782358876964,
9782358877015,2358877018
9782358877046,
9782358877091,2358877093
9782358877145,235887714X
9782358877190,
9782358877244,
9782358877299,
9782358877343,2358877344
9782358877398,2358877395
9782358877442,
9782358877497,
9782358877541,
9782358877596,235887759X
9782358877640,
9782358877695,
9782358900010,235890001X
9782358900027,2358900028
9782358900034,2358900036
9782358900058,2358900052
9782358900157,235890015X
9782358960083,235896008X
9782358960120,2358960128
9782358960137,2358960136
9782358960151,2358960152
9782358960168,2358960160
9782358960182,2358960187
9782358960199,2358960195
9782358960205,2358960209
9782358960274,2358960276
9782358960311,2358960314
9782358960342,2358960349
9782358960359,2358960357
9782358960519,2358960519
9782358960618,2358960616
9782358960625,2358960624
9782358960632,
9782358960649,
9782358960656,2358960659
9782358960694,
9782358971317,
9782358971485,
9782358971492,
9782358971515,
9782358971690,
9782358971737,2358971731
9782358972109,
9782358973533,
9782358975810,
9782358977562,
9782358977715,
9782358978354,
9782358978460,
9782358978651,
9782359020007,2359020005
9782359020014,2359020013
9782359020038,235902003X
9782359020045,2359020048
9782359020052,2359020056
9782359020069,2359020064
9782359020076,2359020072
9782359020090,2359020099
9782359020106,2359020102
9782359020113,2359020110
9782359020120,
9782359020137,
9782359020144,2359020145
9782359020151,2359020153
9782359020168,
9782359020175,
9782359020182,
9782359020199,
9782359020205,235902020X
9782359020212,
9782359020229,
9782359020236,
9782359020243,
9782359020267,
9782359020274,
9782359020281,
9782359020304,
9782359020311,
9782359020328,
9782359020335,
9782359020342,
9782359020359,
9782359050349,2359050346
9782359050363,2359050362
9782359050387,2359050389
9782359050431,2359050435
9782359050547,2359050540
9782359050745,2359050745
9782359050769,2359050761
9782359050776,235905077X
9782359051209,2359051202
9782359051421,2359051423
9782359051568,2359051563
9782359051612,235905161X
9782359051698,2359051695
9782359052121,2359052128
9782359052374,2359052373
9782359052398,235905239X
9782359052862,2359052861
9782359052893,2359052896
9782359052909,235905290X
9782359052930,2359052934
9782359052947,2359052942
9782359052954,2359052950
9782359052992,2359052993
9782359053012,2359053019
9782359053067,235905306X
9782359053098,2359053094
9782359053104,2359053108
9782359053135,2359053132
9782359053142,2359053140
9782359053159,2359053159
9782359053197,
9782359053203,
9782359053210,2359053213
9782359053258,2359053256
9782359053340,
9782359053401,235905340X
9782359053470,
9782359060270,2359060279
9782359060317,2359060317
9782359060324,2359060325
9782359060348,2359060341
9782359060362,2359060368
9782359060386,2359060384
9782359060393,2359060392
9782359060416,2359060414
9782359060423,2359060422
9782359060430,2359060430
9782359060454,2359060457
9782359060461,2359060465
9782359060478,2359060473
9782359060485,2359060481
9782359060492,235906049X
9782359060508,2359060503
9782359060522,235906052X
9782359060539,2359060538
9782359060553,2359060554
9782359060560,2359060562
9782359060577,2359060570
9782359060584,2359060589
9782359060591,2359060597
9782359060645,2359060643
9782359060652,2359060651
9782359060669,235906066X
9782359060683,2359060686
9782359060706,2359060708
9782359060737,2359060732
9782359060775,2359060775
9782359060799,2359060791
9782359060805,2359060805
9782359060829,2359060821
9782359060836,235906083X
9782359060843,2359060848
9782359060850,2359060856
9782359060867,2359060864
9782359060874,2359060872
9782359060881,2359060880
9782359060898,2359060899
9782359060911,2359060910
9782359060973,235906097X
9782359061024,235906102X
9782359061031,2359061038
9782359061048,2359061046
9782359061055,2359061054
9782359061109,2359061100
9782359061116,2359061119
9782359061123,2359061127
9782359061154,2359061151
9782359061178,2359061178
9782359061185,2359061186
9782359061192,2359061194
9782359061215,2359061216
9782359061222,2359061224
9782359061260,2359061267
9782359061284,2359061283
9782359061468,2359061461
9782359061505,235906150X
9782359061512,2359061518
9782359061635,2359061631
9782359061697,2359061690
9782359061772,2359061771
9782359061789,235906178X
9782359061826,2359061828
9782359061857,2359061852
9782359062564,2359062565
9782359062571,2359062573
9782359062588,2359062581
9782359062595,235906259X
9782359062601,2359062603
9782359062618,2359062611
9782359062625,235906262X
9782359062632,2359062638
9782359062649,2359062646
9782359062663,2359062662
9782359062687,2359062689
9782359062694,2359062697
9782359062700,2359062700
9782359062717,2359062719
9782359062724,2359062727
9782359062748,2359062743
9782359062755,2359062751
9782359062762,235906276X
9782359062779,2359062778
9782359062786,2359062786
9782359062793,2359062794
9782359062809,2359062808
9782359062816,2359062816
9782359062823,2359062824
9782359062830,2359062832
9782359062847,2359062840
9782359062854,2359062859
9782359062861,2359062867
9782359062885,2359062883
9782359062892,2359062891
9782359062908,2359062905
9782359062915,2359062913
9782359062922,2359062921
9782359062939,235906293X
9782359062946,2359062948
9782359062953,2359062956
9782359062960,2359062964
9782359062977,2359062972
9782359062984,2359062980
9782359062991,2359062999
9782359063004,2359063006
9782359063028,2359063022
9782359063035,2359063030
9782359063042,2359063049
9782359063059,
9782359063066,
9782359063073,
9782359063080,2359063081
9782359063097,235906309X
9782359063103,2359063103
9782359063110,2359063111
9782359063127,235906312X
9782359063141,
9782359063165,2359063162
9782359063172,2359063170
9782359063189,2359063189
9782359063196,2359063197
9782359063202,
9782359063226,
9782359063233,2359063235
9782359063240,
9782359063257,
9782359063264,235906326X
9782359063318,
9782359063325,
9782359063332,
9782359063356,
9782359063363,
9782359063387,
9782359063394,
9782359063400,
9782359063424,
9782359063431,
9782359063448,
9782359063462,
9782359070040,
9782359070101,235907010X
9782359070118,2359070118
9782359070125,2359070126
9782359070132,2359070134
9782359070156,2359070150
9782359070163,2359070169
9782359070170,2359070177
9782359070194,2359070193
9782359070200,2359070207
9782359070217,2359070215
9782359070491,2359070495
9782359070514,2359070517
9782359070583,2359070584
9782359070606,2359070606
9782359070620,2359070622
9782359070637,2359070630
9782359071047,
9782359071061,2359071068
9782359080377,2359080377
9782359081480,2359081489
9782359081527,2359081527
9782359081534,2359081535
9782359081558,2359081551
9782359081565,235908156X
9782359081589,2359081586
9782359090000,2359090003
9782359090017,2359090011
9782359090031,2359090038
9782359090048,2359090046
9782359090055,2359090054
9782359090062,2359090062
9782359090093,2359090097
9782359090109,2359090100
9782359090123,2359090127
9782359090130,2359090135
9782359090147,2359090143
9782359090154,2359090151
9782359090161,235909016X
9782359090178,2359090178
9782359090185,2359090186
9782359090192,2359090194
9782359090208,2359090208
9782359090215,2359090216
9782359090239,2359090232
9782359090246,2359090240
9782359090277,2359090275
9782359090284,2359090283
9782359090291,2359090291
9782359090307,2359090305
9782359090321,2359090321
9782359090338,235909033X
9782359090345,2359090348
9782359090369,2359090364
9782359090376,2359090372
9782359090383,2359090380
9782359090390,2359090399
9782359090406,2359090402
9782359090413,2359090410
9782359090758,2359090755
9782359090987,2359090984
9782359091052,
9782359091250,
9782359091298,2359091298
9782359091304,
9782359091311,235909131X
9782359091410,
9782359091502,
9782359091519,
9782359100105,2359100106
9782359100297,2359100297
9782359100303,2359100300
9782359100457,2359100459
9782359100549,2359100548
9782359100730,2359100734
9782359100891,2359100890
9782359100914,2359100912
9782359100921,2359100920
9782359100945,2359100947
9782359100952,2359100955
9782359100983,235910098X
9782359100990,2359100998
9782359101010,2359101013
9782359101027,
9782359101089,2359101080
9782359101164,2359101161
9782359101256,2359101250
9782359101294,2359101293
9782359101317,2359101315
9782359101430,2359101439
9782359101447,2359101447
9782359101515,235910151X
9782359101560,2359101560
9782359101706,2359101706
9782359101775,2359101773
9782359101782,2359101781
9782359101843,2359101846
9782359101898,2359101897
9782359101928,2359101927
9782359101942,2359101943
9782359101997,2359101994
9782359102000,2359102001
9782359102017,235910201X
9782359102024,2359102028
9782359102031,2359102036
9782359102130,2359102133
9782359102178,2359102176
9782359102192,2359102192
9782359102208,2359102206
9782359102222,2359102222
9782359102451,2359102451
9782359102475,2359102478
9782359102505,2359102508
9782359102529,2359102524
9782359102543,2359102540
9782359102598,2359102591
9782359102604,2359102605
9782359102628,2359102621
9782359102680,2359102680
9782359102741,2359102745
9782359102932,2359102931
9782359102956,2359102958
9782359102994,
9782359103076,2359103075
9782359103083,2359103083
9782359103120,2359103121
9782359103144,2359103148
9782359103328,2359103326
9782359103335,2359103334
9782359103373,2359103377
9782359103434,2359103431
9782359103441,235910344X
9782359103458,2359103458
9782359103489,2359103482
9782359103496,2359103490
9782359103533,2359103539
9782359103670,2359103679
9782359103687,2359103687
9782359103854,2359103857
9782359103908,2359103903
9782359103977,2359103970
9782359103984,2359103989
9782359104134,2359104136
9782359104196,2359104195
9782359104219,2359104217
9782359104233,2359104233
9782359104240,2359104241
9782359104257,235910425X
9782359104264,2359104268
9782359104288,2359104284
9782359104387,2359104381
9782359104455,2359104454
9782359104516,2359104519
9782359104523,2359104527
9782359104561,235910456X
9782359104578,2359104578
9782359104653,2359104659
9782359104660,2359104667
9782359104677,2359104675
9782359104738,235910473X
9782359104745,2359104748
9782359104752,2359104756
9782359104783,2359104780
9782359104790,2359104799
9782359104806,2359104802
9782359104868,2359104861
9782359104882,2359104888
9782359104899,2359104896
9782359105056,2359105051
9782359105070,2359105078
9782359105087,2359105086
9782359105148,2359105140
9782359105179,2359105175
9782359105193,2359105191
9782359105209,2359105205
9782359105261,2359105264
9782359105322,2359105329
9782359105407,235910540X
9782359105414,2359105418
9782359130188,
9782359140194,2359140191
9782359140200,2359140205
9782359140224,2359140221
9782359140231,235914023X
9782359140255,
9782359140262,
9782359140293,2359140299
9782359140361,2359140361
9782359140378,235914037X
9782359140385,2359140388
9782359140392,2359140396
9782359140408,235914040X
9782359140415,2359140418
9782359140460,
9782359140477,
9782359140484,2359140485
9782359170122,2359170120
9782359170139,2359170139
9782359170184,235917018X
9782359170191,2359170198
9782359170269,2359170260
9782359170313,2359170317
9782359170351,235917035X
9782359171631,2359171631
9782359171648,235917164X
9782359171662,2359171666
9782359171679,2359171674
9782359171686,2359171682
9782359171693,2359171690
9782359171709,2359171704
9782359171716,2359171712
9782359171723,2359171720
9782359171730,2359171739
9782359171747,2359171747
9782359171754,2359171755
9782359171761,2359171763
9782359172225,2359172220
9782359172232,2359172239
9782359172249,2359172247
9782359172256,2359172255
9782359172263,2359172263
9782359172270,2359172271
9782359172287,235917228X
9782359172294,2359172298
9782359172317,235917231X
9782359172324,2359172328
9782359172331,2359172336
9782359190717,2359190717
9782359190731,2359190733
9782359190748,2359190741
9782359190755,235919075X
9782359191011,2359191012
9782359200027,235920002X
9782359200034,2359200038
9782359200041,2359200046
9782359200058,2359200054
9782359200065,2359200062
9782359200072,2359200070
9782359200096,2359200097
9782359200102,2359200100
9782359200119,2359200119
9782359200171,2359200178
9782359200188,
9782359200201,2359200208
9782359250053,2359250051
9782359250060,235925006X
9782359250442,2359250442
9782359250473,2359250477
9782359250480,2359250485
9782359250497,2359250493
9782359250541,235925054X
9782359250626,2359250620
9782359250671,2359250671
9782359251340,2359251341
9782359251470,2359251473
9782359251586,2359251589
9782359251678,2359251678
9782359251685,2359251686
9782359251791,2359251791
9782359251883,2359251880
9782359251975,235925197X
9782359252002,2359252003
9782359260205,2359260200
9782359260304,2359260308
9782359260311,2359260316
9782359260328,2359260324
9782359260441,2359260448
9782359260502,2359260502
9782359260694,2359260693
9782359260724,2359260723
9782359260755,2359260758
9782359260786,2359260782
9782359260830,2359260839
9782359260854,2359260855
9782359260885,235926088X
9782359260908,2359260901
9782359260984,2359260987
9782359261042,
9782359300130,235930013X
9782359300178,
9782359300253,2359300253
9782359300260,
9782359300277,235930027X
9782359300291,
9782359300307,
9782359300338,
9782359300369,2359300369
9782359300383,2359300385
9782359300390,2359300393
9782359300406,
9782359300475,
9782359300482,2359300482
9782359300536,2359300539
9782359300567,2359300563
9782359300604,2359300601
9782359300871,2359300873
9782359300918,2359300911
9782359300925,
9782359300956,2359300954
9782359300963,2359300962
9782359300970,2359300970
9782359301021,
9782359301045,2359301047
9782359301069,2359301063
9782359301076,2359301071
9782359301083,235930108X
9782359301113,
9782359301120,2359301128
9782359301137,
9782359301151,
9782359301205,2359301209
9782359301335,2359301330
9782359301342,
9782359301359,
9782359301366,2359301365
9782359301373,2359301373
9782359301939,
9782359301946,
9782359301953,2359301950
9782359301977,
9782359302417,
9782359302424,2359302426
9782359302431,2359302434
9782359302448,
9782359302455,
9782359330700,2359330705
9782359330755,2359330756
9782359331141,2359331140
9782359332070,2359332074
9782359340532,2359340530
9782359341621,2359341626
9782359341713,2359341715
9782359341850,2359341855
9782359342024,2359342029
9782359343205,2359343203
9782359343335,2359343335
9782359343724,2359343726
9782359343809,2359343807
9782359344103,2359344102
9782359344516,235934451X
9782359344585,2359344587
9782359344592,2359344595
9782359344691,2359344692
9782359345339,2359345338
9782359345346,2359345346
9782359345353,2359345354
9782359345360,2359345362
9782359345377,2359345370
9782359345384,2359345389
9782359345391,2359345397
9782359345407,2359345400
9782359345483,2359345486
9782359345490,2359345494
9782359345506,2359345508
9782359345575,2359345575
9782359345582,2359345583
9782359345599,2359345591
9782359345605,2359345605
9782359345612,2359345613
9782359345636,235934563X
9782359345643,2359345648
9782359345667,2359345664
9782359345704,2359345702
9782359345711,2359345710
9782359345735,2359345737
9782359345759,2359345753
9782359345766,
9782359345773,235934577X
9782359345780,2359345788
9782359345803,
9782359345810,
9782359345827,2359345826
9782359345919,2359345915
9782359345926,2359345923
9782359345933,2359345931
9782359345940,235934594X
9782359345957,
9782359345964,2359345966
9782359345971,2359345974
9782359345988,
9782359346008,
9782359346015,2359346016
9782359346022,2359346024
9782359346039,2359346032
9782359346091,2359346091
9782359346107,2359346105
9782359346114,2359346113
9782359346121,
9782359346138,
9782359346145,
9782359346152,
9782359346169,
9782359346176,
9782359346183,
9782359346206,
9782359346213,
9782359346220,
9782359348552,
9782359350944,2359350943
9782359351248,2359351249
9782359351729,2359351729
9782359351750,2359351753
9782359351774,235935177X
9782359351781,2359351788
9782359351804,235935180X
9782359351835,2359351834
9782359351880,2359351885
9782359351903,2359351907
9782359351927,2359351923
9782359351934,2359351931
9782359351941,235935194X
9782359351965,2359351966
9782359352009,2359352008
9782359352016,2359352016
9782359352023,
9782359352030,2359352032
9782359352054,2359352059
9782359352061,2359352067
9782359352085,2359352083
9782359352092,2359352091
9782359352115,
9782359352160,2359352164
9782359352214,2359352210
9782359352245,
9782359352252,
9782359352405,2359352407
9782359352467,2359352466
9782359352498,2359352490
9782359352573,2359352571
9782359352672,2359352679
9782359352887,
9782359353037,
9782359353099,
9782359353129,2359353128
9782359353136,
9782359353150,
9782359353167,
9782359353174,2359353179
9782359353181,
9782359353198,
9782359400007,2359400002
9782359400021,2359400029
9782359400038,2359400037
9782359400045,2359400045
9782359400052,2359400053
9782359400069,2359400061
9782359400076,235940007X
9782359400083,2359400088
9782359400120,2359400126
9782359400175,
9782359400182,2359400185
9782359400199,2359400193
9782359400205,
9782359400212,
9782359400229,
9782359400236,
9782359410013,
9782359410105,
9782359410129,
9782359410150,2359410156
9782359410167,
9782359410174,
9782359410181,2359410180
9782359410235,
9782359410259,
9782359410266,2359410261
9782359410273,235941027X
9782359410280,
9782359410303,
9782359410310,2359410318
9782359410365,
9782359410372,2359410377
9782359410389,2359410385
9782359410396,
9782359410419,2359410415
9782359410426,2359410423
9782359410433,
9782359410440,
9782359410464,2359410466
9782359410471,
9782359410488,
9782359410501,
9782359410518,
9782359410525,2359410520
9782359410532,
9782359410549,
9782359410556,
9782359410563,
9782359410570,
9782359410587,
9782359410600,
9782359410617,
9782359410624,2359410628
9782359410631,
9782359410679,
9782359410686,
9782359410709,2359410709
9782359410730,
9782359410747,2359410741
9782359410822,
9782359410839,
9782359410846,
9782359410884,
9782359410891,
9782359410914,2359410911
9782359410921,
9782359410938,
9782359410945,
9782359410952,2359410954
9782359410969,
9782359410983,
9782359410990,
9782359411140,
9782359411225,
9782359411232,
9782359411416,
9782359411430,
9782359412772,
9782359412789,
9782359412802,
9782359412833,2359412833
9782359412864,
9782359430011,2359430017
9782359430028,2359430025
9782359430097,2359430092
9782359430127,2359430122
9782359430141,2359430149
9782359430158,2359430157
9782359430196,235943019X
9782359430257,2359430254
9782359430264,2359430262
9782359430271,2359430270
9782359430301,
9782359430318,2359430319
9782359430325,
9782359430332,2359430335
9782359430349,
9782359470208,2359470205
9782359470314,2359470310
9782359490084,2359490087
9782359490091,2359490095
9782359490121,2359490125
9782359490152,235949015X
9782359490169,2359490168
9782359490183,2359490184
9782359490237,2359490230
9782359490244,2359490249
9782359490251,2359490257
9782359490336,2359490338
9782359490398,2359490397
9782359490428,2359490427
9782359490442,2359490443
9782359490459,2359490451
9782359490589,2359490583
9782359490596,2359490591
9782359490602,2359490605
9782359490664,2359490664
9782359490695,2359490699
9782359490701,2359490702
9782359490817,2359490818
9782359490824,2359490826
9782359490848,2359490842
9782359490909,2359490907
9782359490916,2359490915
9782359490923,2359490923
9782359491005,2359491008
9782359491418,2359491415
9782359491531,2359491539
9782359491586,235949158X
9782359491630,2359491636
9782359491661,2359491660
9782359491845,2359491849
9782359491906,2359491903
9782359491968,2359491962
9782359492910,2359492918
9782359492996,2359492993
9782359493115,2359493116
9782359493207,2359493205
9782359493214,2359493213
9782359493863,2359493868
9782359495140,2359495143
9782359495515,2359495518
9782359495553,2359495550
9782359496758,2359496751
9782359530377,2359530372
9782359531244,2359531247
9782359531862,2359531867
9782359531886,2359531883
9782359534962,2359534963
9782359535365,2359535366
9782359535402,2359535404
9782359536867,2359536869
9782359536928,2359536923
9782359540130,2359540130
9782359540253,2359540254
9782359540277,2359540270
9782359540284,2359540289
9782359540369,235954036X
9782359540376,2359540378
9782359540383,2359540386
9782359540406,2359540408
9782359540444,2359540440
9782359540468,2359540467
9782359540475,2359540475
9782359540482,2359540483
9782359540499,2359540491
9782359540505,2359540505
9782359540512,2359540513
9782359540536,235954053X
9782359540543,2359540548
9782359540628,2359540629
9782359540635,2359540637
9782359540642,2359540645
9782359540659,2359540653
9782359540673,235954067X
9782359540680,2359540688
9782359540697,2359540696
9782359540710,2359540718
9782359540741,2359540742
9782359540758,2359540750
9782359540772,2359540777
9782359540833,2359540831
9782359540994,2359540998
9782359541090,2359541099
9782359541106,2359541102
9782359541380,2359541382
9782359541397,2359541390
9782359541434,2359541439
9782359541441,2359541447
9782359541458,2359541455
9782359541465,2359541463
9782359541489,235954148X
9782359541496,2359541498
9782359541502,2359541501
9782359541519,235954151X
9782359541526,
9782359541533,2359541536
9782359541540,2359541544
9782359541557,2359541552
9782359541564,2359541560
9782359541571,2359541579
9782359541588,2359541587
9782359541601,2359541609
9782359541618,2359541617
9782359541625,2359541625
9782359541649,2359541641
9782359541656,
9782359541663,2359541668
9782359541687,
9782359541694,
9782359541700,
9782359541717,
9782359541724,
9782359541748,2359541749
9782359550092,
9782359550191,
9782359560008,235956000X
9782359560015,
9782359560039,
9782359560053,2359560050
9782359560060,2359560069
9782359560091,2359560093
9782359560121,2359560123
9782359560138,2359560131
9782359560145,235956014X
9782359560152,2359560158
9782359560183,2359560182
9782359560190,2359560190
9782359560206,2359560204
9782359560220,2359560220
9782359560275,2359560271
9782359560282,235956028X
9782359560299,2359560298
9782359560336,2359560336
9782359560343,2359560344
9782359560381,2359560387
9782359560398,2359560395
9782359560428,
9782359560459,235956045X
9782359560909,
9782359561104,
9782359561135,
9782359561142,
9782359561166,
9782359561173,
9782359561197,
9782359561203,
9782359561210,
9782359561227,2359561227
9782359561234,2359561235
9782359561241,
9782359561265,
9782359561272,
9782359561289,2359561286
9782359561296,
9782359561302,
9782359561319,
9782359561326,2359561324
9782359561333,2359561332
9782359561340,
9782359561357,
9782359561364,
9782359561371,
9782359561395,
9782359561401,
9782359561425,
9782359561449,
9782359561456,2359561456
9782359561463,
9782359561470,2359561472
9782359561487,
9782359600087,2359600087
9782359620382,235962038X
9782359620542,2359620541
9782359620603,2359620606
9782359620818,2359620819
9782359620894,2359620894
9782359620924,2359620924
9782359620955,2359620959
9782359621068,2359621068
9782359621099,2359621092
9782359621129,2359621122
9782359621167,2359621165
9782359621198,235962119X
9782359621471,2359621475
9782359621501,2359621505
9782359621549,2359621548
9782359621594,2359621599
9782359621655,2359621653
9782359621686,2359621688
9782359621716,2359621718
9782359621792,2359621793
9782359621853,2359621858
9782359621969,2359621963
9782359621990,2359621998
9782359622027,2359622021
9782359622058,2359622056
9782359622126,2359622129
9782359622157,2359622153
9782359622188,2359622188
9782359622218,2359622218
9782359622249,2359622242
9782359622300,2359622307
9782359622485,235962248X
9782359622515,235962251X
9782359622577,2359622579
9782359622607,2359622609
9782359622638,2359622633
9782359622669,2359622668
9782359622690,2359622692
9782359622720,2359622722
9782359622751,2359622757
9782359622782,2359622781
9782359622812,2359622811
9782359622874,2359622870
9782359622928,2359622927
9782359624342,2359624342
9782359624403,2359624407
9782359624557,2359624555
9782359624588,235962458X
9782359624618,235962461X
9782359624731,2359624733
9782359625004,2359625004
9782359625219,
9782359625271,2359625276
9782359625486,2359625489
9782359625516,2359625519
9782359625547,2359625543
9782359625608,2359625608
9782359625639,2359625632
9782359625707,2359625705
9782359625820,2359625829
9782359625875,235962587X
9782359625905,235962590X
9782359625981,2359625985
9782359626117,2359626116
9782359626131,2359626132
9782359626346,2359626345
9782359626483,2359626485
9782359628494,2359628496
9782359628555,2359628550
9782359628593,
9782359629132,2359629131
9782359630008,2359630008
9782359630015,2359630016
9782359630022,
9782359630039,
9782359630046,
9782359630053,2359630059
9782359630060,2359630067
9782359630077,
9782359630084,2359630083
9782359630091,
9782359630107,
9782359630114,2359630113
9782359630121,
9782359630138,
9782359630145,
9782359630152,
9782359630169,
9782359630176,
9782359630183,
9782359630190,
9782359630206,2359630202
9782359630213,
9782359630220,
9782359630237,2359630237
9782359630244,2359630245
9782359630251,
9782359630268,
9782359630275,
9782359630282,
9782359630299,
9782359630305,235963030X
9782359630312,2359630318
9782359630329,
9782359630336,
9782359630343,
9782359630350,
9782359630367,
9782359630374,
9782359630381,
9782359630398,
9782359630404,
9782359630411,
9782359630466,
9782359630473,
9782359630497,
9782359630503,
9782359630527,
9782359630688,2359630687
9782359660135,2359660136
9782359660258,235966025X
9782359660265,2359660268
9782359660272,2359660276
9782359660289,2359660284
9782359660296,2359660292
9782359660319,2359660314
9782359660326,2359660322
9782359660418,2359660411
9782359660425,235966042X
9782359660432,2359660438
9782359660951,2359660950
9782359660968,2359660969
9782359660982,2359660985
9782359660999,2359660993
9782359662603,
9782359662610,2359662619
9782359662801,
9782359662849,2359662848
9782359662856,2359662856
9782359662863,
9782359662955,2359662953
9782359662986,2359662988
9782359663068,2359663062
9782359663150,
9782359680089,2359680080
9782359680096,2359680099
9782359680102,
9782359680119,2359680110
9782359680157,2359680153
9782359680164,2359680161
9782359680188,2359680188
9782359680218,2359680218
9782359680225,
9782359680256,2359680250
9782359680263,2359680269
9782359680270,2359680277
9782359680300,2359680307
9782359680317,2359680315
9782359680324,2359680323
9782359680355,2359680358
9782359680362,2359680366
9782359680393,2359680390
9782359680423,2359680420
9782359680454,2359680455
9782359680652,
9782359680669,
9782359680928,
9782359700145,2359700146
9782359700152,
9782359700169,
9782359710083,2359710087
9782359710175,2359710176
9782359710212,2359710214
9782359710274,2359710273
9782359710380,2359710389
9782359710403,2359710400
9782359710434,2359710435
9782359710519,2359710516
9782359710618,2359710613
9782359710700,2359710702
9782359710748,2359710745
9782359711110,2359711113
9782359711172,2359711172
9782359711448,235971144X
9782359711530,2359711539
9782359711608,2359711601
9782359712223,2359712225
9782359712360,2359712365
9782359712438,
9782359720150,
9782359720174,2359720171
9782359720181,235972018X
9782359720198,
9782359720228,
9782359720235,
9782359720242,
9782359720259,2359720252
9782359720310,
9782359720341,2359720341
9782359720358,235972035X
9782359720389,2359720384
9782359720433,2359720430
9782359720518,
9782359720525,235972052X
9782359720549,
9782359730845,2359730843
9782359731606,2359731602
9782359732023,
9782359732665,2359732668
9782359733181,2359733184
9782359733327,
9782359733549,2359733540
9782359733983,2359733982
9782359734249,2359734245
9782359737288,2359737287
9782359737325,
9782359737349,2359737341
9782359737387,
9782359737424,2359737422
9782359737509,
9782359737523,
9782359737561,
9782359737660,
9782359737691,
9782359790542,
9782359790863,2359790862
9782359791105,
9782359791631,235979163X
9782359791655,2359791656
9782359791686,
9782359791709,2359791702
9782359791747,2359791745
9782359791761,
9782359791785,
9782359791808,
9782359791822,
9782359810073,2359810073
9782359810080,2359810081
9782359810189,2359810189
9782359810264,235981026X
9782359810455,2359810456
9782359810684,2359810685
9782359810691,2359810693
9782359811049,2359811045
9782359811087,2359811088
9782359811094,2359811096
9782359811100,235981110X
9782359811117,2359811118
9782359811148,2359811142
9782359811155,2359811150
9782359811186,2359811185
9782359811193,2359811193
9782359811223,2359811223
9782359811230,2359811231
9782359811247,235981124X
9782359811254,
9782359811261,2359811266
9782359811278,2359811274
9782359811285,2359811282
9782359811292,2359811290
9782359811308,2359811304
9782359811315,2359811312
9782359811322,2359811320
9782359811346,2359811347
9782359811353,2359811355
9782359811377,2359811371
9782359811384,235981138X
9782359811391,2359811398
9782359811407,
9782359811414,
9782359811421,2359811428
9782359811438,
9782359811445,2359811444
9782359811452,2359811452
9782359811469,2359811460
9782359811476,2359811479
9782359811483,2359811487
9782359811490,
9782359811513,2359811517
9782359811544,
9782359830019,2359830015
9782359830026,2359830023
9782359830040,235983004X
9782359830101,2359830104
9782359830118,2359830112
9782359830125,2359830120
9782359830200,2359830201
9782359830279,2359830279
9782359830293,2359830295
9782359830316,2359830317
9782359830521,235983052X
9782359830545,2359830546
9782359830569,2359830562
9782359830583,2359830589
9782359830590,2359830597
9782359830606,
9782359830620,
9782359830637,
9782359840056,2359840053
9782359840070,
9782359840087,
9782359840094,2359840096
9782359840100,235984010X
9782359840117,
9782359840131,
9782359840148,2359840142
9782359840162,2359840169
9782359840179,2359840177
9782359840186,
9782359840193,2359840193
9782359840209,
9782359840216,
9782359840230,
9782359840247,235984024X
9782359840254,
9782359840285,2359840282
9782359840292,2359840290
9782359840384,235984038X
9782359840391,2359840398
9782359840407,2359840401
9782359840414,
9782359840445,2359840444
9782359840452,2359840452
9782359840469,2359840460
9782359840490,
9782359840506,2359840509
9782359840520,2359840525
9782359840537,2359840533
9782359840674,
9782359840711,2359840711
9782359840728,
9782359840742,
9782359840995,2359840991
9782359841008,2359841009
9782359841015,2359841017
9782359841022,2359841025
9782359841039,2359841033
9782359841046,
9782359841053,235984105X
9782359841060,2359841068
9782359841077,
9782359841084,2359841084
9782359841107,2359841106
9782359841114,2359841114
9782359841121,2359841122
9782359841152,2359841157
9782359841169,
9782359841176,2359841173
9782359841190,235984119X
9782359841206,2359841203
9782359841213,2359841211
9782359841220,235984122X
9782359841237,2359841238
9782359841244,2359841246
9782359841251,2359841254
9782359841268,2359841262
9782359841275,2359841270
9782359841282,
9782359841299,2359841297
9782359841305,
9782359841312,
9782359841329,
9782359841336,
9782359841343,2359841343
9782359841350,
9782359841367,
9782359841374,
9782359841381,2359841386
9782359850949,2359850946
9782359851328,2359851322
9782359851687,2359851683
9782359851700,2359851705
9782359851717,2359851713
9782359851984,2359851985
9782359851991,2359851993
9782359852004,2359852000
9782359852028,2359852027
9782359852035,2359852035
9782359852042,2359852043
9782359852059,2359852051
9782359852066,235985206X
9782359852073,
9782359852080,
9782359880250,235988025X
9782359880281,2359880284
9782359880298,2359880292
9782359880304,2359880306
9782359880335,2359880330
9782359880373,2359880373
9782359880397,235988039X
9782359880403,2359880403
9782359880533,2359880535
9782359880564,235988056X
9782359880588,2359880586
9782359880595,2359880594
9782359880731,235988073X
9782359880748,2359880748
9782359880915,2359880918
9782359880939,2359880934
9782359881059,2359881051
9782359881066,235988106X
9782359881080,2359881086
9782359881110,2359881116
9782359881127,2359881124
9782359881189,2359881183
9782359881271,2359881272
9782359881301,2359881302
9782359881318,2359881310
9782359881349,2359881345
9782359881547,235988154X
9782359881738,2359881736
9782359881752,2359881752
9782359881769,
9782359881776,
9782359881783,
9782359881790,2359881795
9782359881844,2359881841
9782359882094,2359882090
9782359882124,2359882120
9782359882131,2359882139
9782359882148,2359882147
9782359882155,2359882155
9782359882162,
9782359882179,2359882171
9782359882186,
9782359882193,
9782359882209,
9782359882223,2359882228
9782359882254,2359882252
9782359882261,
9782359882278,
9782359882285,2359882287
9782359882292,2359882295
9782359882308,2359882309
9782359882315,2359882317
9782359882360,2359882368
9782359882377,2359882376
9782359882384,2359882384
9782359882391,2359882392
9782359882407,2359882406
9782359882414,
9782359882438,
9782359882452,2359882457
9782359882476,
9782359882483,
9782359882490,235988249X
9782359882506,
9782359882513,2359882511
9782359882551,2359882554
9782359882568,2359882562
9782359882575,2359882570
9782359890013,
9782359901016,235990101X
9782359902365,2359902369
9782359902464,2359902466
9782359903195,2359903195
9782359903201,2359903209
9782359903805,2359903802
9782359903942,2359903942
9782359903959,2359903950
9782359903966,2359903969
9782359904024,2359904027
9782359904062,235990406X
9782359904079,2359904078
9782359904086,2359904086
9782359904093,2359904094
9782359904109,2359904108
9782359904123,2359904124
9782359904147,2359904140
9782359904154,2359904159
9782359904161,2359904167
9782359904178,2359904175
9782359904222,2359904221
9782359904239,235990423X
9782359904260,2359904264
9782359904284,2359904280
9782359904291,2359904299
9782359904314,2359904310
9782359904321,2359904329
9782359904338,2359904337
9782359904345,2359904345
9782359904352,2359904353
9782359904369,2359904361
9782359904376,235990437X
9782359904437,2359904434
9782359904444,2359904442
9782359904451,2359904450
9782359904499,2359904493
9782359904505,2359904507
9782359904543,235990454X
9782359904550,2359904558
9782359904581,2359904582
9782359904598,2359904590
9782359904628,2359904620
9782359904635,
9782359904642,
9782359904659,2359904655
9782359904666,
9782359904673,
9782359904697,2359904698
9782359904758,2359904752
9782359904789,2359904787
9782359904826,2359904825
9782359904857,
9782359904871,2359904876
9782359904888,
9782359904895,2359904892
9782359904925,2359904922
9782359904932,2359904930
9782359904949,
9782359904956,2359904957
9782359904963,
9782359904970,2359904973
9782359904987,2359904981
9782359904994,235990499X
9782359905007,2359905007
9782359905014,2359905015
9782359905021,2359905023
9782359905038,2359905031
9782359905045,235990504X
9782359905076,2359905074
9782359905120,
9782359905137,
9782359905151,2359905155
9782359905175,2359905171
9782359905182,235990518X
9782359905199,2359905198
9782359905205,2359905201
9782359905212,235990521X
9782359905229,2359905228
9782359905236,2359905236
9782359905243,2359905244
9782359905250,2359905252
9782359905267,2359905260
9782359905281,2359905287
9782359905311,
9782359905328,2359905325
9782359905335,
9782359905342,2359905341
9782359905359,235990535X
9782359905366,2359905368
9782359905373,
9782359905380,2359905384
9782359905427,
9782359905434,
9782359905441,2359905449
9782359905458,
9782359905465,2359905465
9782359905472,2359905473
9782359905489,
9782359905496,
9782359905502,
9782359905519,2359905511
9782359905526,235990552X
9782359905533,2359905538
9782359905540,2359905546
9782359905557,
9782359905564,
9782359905571,
9782359905588,
9782359905595,
9782359905601,2359905600
9782359905618,2359905619
9782359905625,2359905627
9782359905632,2359905635
9782359905649,2359905643
9782359905663,235990566X
9782359905687,2359905686
9782359905694,
9782359905700,
9782359905717,2359905716
9782359905731,2359905732
9782359905748,2359905740
9782359905755,2359905759
9782359905762,2359905767
9782359905779,
9782359905786,
9782359905793,
9782359905809,
9782359905816,
9782359905823,
9782359905830,
9782359905847,
9782359905854,
9782359905861,2359905864
9782359905878,
9782359905885,
9782359905892,
9782359905908,2359905902
9782359905939,
9782359905946,
9782359905953,2359905953
9782359905960,
9782359905977,
9782359905984,
9782359905991,
9782359906004,2359906003
9782359906011,2359906011
9782359906035,
9782359906042,
9782359906059,2359906054
9782359906066,2359906062
9782359906073,
9782359906080,
9782359906097,2359906097
9782359906103,
9782359906110,
9782359906127,
9782359906134,
9782359906141,
9782359906172,2359906178
9782359906189,
9782359906196,2359906194
9782359906202,
9782359906219,
9782359906226,2359906224
9782359906233,
9782359906240,
9782359906257,2359906259
9782359906264,2359906267
9782359906271,2359906275
9782359906288,2359906283
9782359906295,2359906291
9782359906301,2359906305
9782359906349,2359906348
9782359906356,
9782359906363,2359906364
9782359906370,
9782359906387,
9782359906394,2359906399
9782359906400,2359906402
9782359906417,2359906410
9782359906424,2359906429
9782359906431,2359906437
9782359906448,2359906445
9782359906455,2359906453
9782359906462,2359906461
9782359906486,2359906488
9782359906493,2359906496
9782359906509,235990650X
9782359906516,2359906518
9782359906523,2359906526
9782359906547,2359906542
9782359906554,2359906550
9782359906561,
9782359906578,
9782359906585,
9782359906592,
9782359906608,
9782359906615,2359906615
9782359906622,2359906623
9782359906639,2359906631
9782359906646,235990664X
9782359906653,
9782359906677,
9782359906684,
9782359906707,2359906704
9782359906714,2359906712
9782359906721,2359906720
9782359906745,
9782359906769,
9782359906790,2359906798
9782359906806,2359906801
9782359906820,
9782359906837,
9782359906844,
9782359906851,
9782359906868,
9782359906875,2359906879
9782359906929,
9782359906936,
9782359906943,
9782359906950,
9782359906967,
9782359906974,
9782359907032,
9782359907049,
9782359907056,
9782359920055,2359920057
9782359920079,2359920073
9782359920093,235992009X
9782359920116,2359920111
9782359920130,
9782359920215,
9782359920321,
9782359920567,2359920561
9782359920574,
9782359920581,2359920588
9782359920598,
9782359920611,2359920618
9782359920635,
9782359920659,2359920650
9782359920673,2359920677
9782359920680,
9782359920697,2359920693
9782359920703,
9782359920710,
9782359920734,2359920731
9782359990003,
9782359990119,
9782359990188,
9782359990201,
9782359990232,
9782360010011,2360010018
9782360010028,2360010026
9782360010035,2360010034
9782360010042,2360010042
9782360010059,
9782360010066,2360010069
9782360040001,
9782360040100,
9782360040209,
9782360040216,
9782360060146,
9782360110001,2360110004
9782360110018,2360110012
9782360110025,2360110020
9782360110032,2360110039
9782360110056,2360110055
9782360110094,2360110098
9782360110100,2360110101
9782360110117,236011011X
9782360110148,2360110144
9782360110155,2360110152
9782360110162,2360110160
9782360110179,2360110179
9782360110186,2360110187
9782360110209,2360110209
9782360110216,2360110217
9782360110223,2360110225
9782360110445,2360110446
9782360110452,2360110454
9782360110469,2360110462
9782360110476,2360110470
9782360110483,2360110489
9782360110490,2360110497
9782360110520,2360110527
9782360110544,2360110543
9782360110698,2360110691
9782360110872,236011087X
9782360110889,2360110888
9782360110896,
9782360110902,
9782360110919,
9782360110933,
9782360110940,
9782360110957,
9782360110971,
9782360110988,2360110985
9782360110995,2360110993
9782360111008,2360111000
9782360111015,
9782360111022,
9782360111039,2360111035
9782360111046,
9782360120055,2360120050
9782360120116,2360120115
9782360120123,2360120123
9782360120130,2360120131
9782360120147,236012014X
9782360120239,2360120239
9782360120260,2360120263
9782360120277,2360120271
9782360120321,2360120328
9782360120437,2360120433
9782360120444,2360120441
9782360120468,2360120468
9782360120857,2360120859
9782360120888,2360120883
9782360120895,2360120891
9782360120901,2360120905
9782360121014,2360121014
9782360121106,2360121103
9782360121113,
9782360121120,236012112X
9782360121137,2360121138
9782360121144,2360121146
9782360121151,
9782360121168,2360121162
9782360121175,2360121170
9782360121182,
9782360121205,2360121200
9782360121229,2360121227
9782360121236,2360121235
9782360121243,2360121243
9782360121250,2360121251
9782360121274,2360121278
9782360121281,
9782360121298,
9782360121304,
9782360121311,
9782360121359,
9782360121366,
9782360121373,2360121375
9782360121380,2360121383
9782360121403,
9782360121434,
9782360130092,2360130099
9782360130290,2360130293
9782360130382,2360130382
9782360130436,2360130439
9782360130658,236013065X
9782360130894,2360130897
9782360131136,2360131133
9782360131143,2360131141
9782360131235,2360131230
9782360131303,2360131303
9782360131778,236013177X
9782360131839,2360131834
9782360131976,2360131974
9782360132102,2360132105
9782360132355,2360132350
9782360132539,2360132539
9782360132546,2360132547
9782360132560,2360132563
9782360132591,2360132598
9782360132744,2360132741
9782360134113,2360134116
9782360134120,2360134124
9782360134144,2360134140
9782360134151,
9782360134168,2360134167
9782360134175,2360134175
9782360134229,2360134221
9782360134250,2360134256
9782360134267,2360134264
9782360134281,2360134280
9782360135172,2360135171
9782360135189,236013518X
9782360135196,2360135198
9782360135202,2360135201
9782360135219,236013521X
9782360135226,2360135228
9782360135233,2360135236
9782360135240,2360135244
9782360135257,2360135252
9782360135271,2360135279
9782360135288,2360135287
9782360135295,2360135295
9782360135431,2360135430
9782360135448,2360135449
9782360135455,2360135457
9782360135462,2360135465
9782360135479,2360135473
9782360135486,2360135481
9782360135493,236013549X
9782360135509,2360135503
9782360135516,2360135511
9782360135523,236013552X
9782360135615,2360135619
9782360135639,2360135635
9782360135646,2360135643
9782360135653,2360135651
9782360135660,236013566X
9782360135677,2360135678
9782360135684,2360135686
9782360135691,2360135694
9782360135707,2360135708
9782360135714,2360135716
9782360135721,2360135724
9782360135738,2360135732
9782360135745,2360135740
9782360135752,2360135759
9782360135769,2360135767
9782360135776,
9782360135783,2360135783
9782360135790,2360135791
9782360135806,2360135805
9782360135813,2360135813
9782360135820,
9782360135837,236013583X
9782360135844,2360135848
9782360135851,2360135856
9782360135868,
9782360135875,2360135872
9782360135882,2360135880
9782360135899,2360135899
9782360135905,
9782360135912,2360135910
9782360135929,2360135929
9782360135936,2360135937
9782360135943,2360135945
9782360135967,2360135961
9782360135974,236013597X
9782360135981,
9782360135998,
9782360136001,2360136003
9782360136018,2360136011
9782360136025,236013602X
9782360136032,
9782360136049,2360136046
9782360136056,
9782360136063,2360136062
9782360136070,2360136070
9782360136087,
9782360136094,
9782360136100,2360136100
9782360136117,
9782360136124,
9782360136131,
9782360136148,2360136143
9782360136155,
9782360136162,236013616X
9782360136186,
9782360136193,
9782360140800,2360140809
9782360140817,2360140817
9782360140824,
9782360140855,
9782360140879,
9782360140886,
9782360140893,
9782360140978,
9782360141050,
9782360141074,
9782360141098,
9782360170371,
9782360170456,2360170457
9782360280032,2360280031
9782360280056,2360280058
9782360280063,2360280066
9782360280070,2360280074
9782360280087,2360280082
9782360280094,2360280090
9782360280131,2360280139
9782360280148,2360280147
9782360280162,2360280163
9782360280193,2360280198
9782360280209,2360280201
9782360280223,2360280228
9782360280315,2360280317
9782360390045,
9782360400003,2360400002
9782360400010,2360400010
9782360400027,2360400029
9782360400034,2360400037
9782360400058,2360400053
9782360400089,2360400088
9782360400096,2360400096
9782360400102,236040010X
9782360400126,2360400126
9782360400133,2360400134
9782360400157,2360400150
9782360400164,2360400169
9782360400201,2360400207
9782360400256,2360400258
9782360400263,2360400266
9782360400287,2360400282
9782360400294,2360400290
9782360400300,2360400304
9782360400317,2360400312
9782360400348,2360400347
9782360400362,2360400363
9782360400386,236040038X
9782360400393,2360400398
9782360400409,2360400401
9782360400416,236040041X
9782360400423,2360400428
9782360400447,2360400444
9782360400454,2360400452
9782360400461,2360400460
9782360400485,2360400487
9782360400492,2360400495
9782360400508,2360400509
9782360400522,2360400525
9782360400539,2360400533
9782360400553,236040055X
9782360400560,2360400568
9782360400584,2360400584
9782360400591,2360400592
9782360400607,2360400606
9782360400614,2360400614
9782360400621,2360400622
9782360400638,2360400630
9782360400645,2360400649
9782360400669,2360400665
9782360400676,2360400673
9782360400683,2360400681
9782360400706,2360400703
9782360400737,2360400738
9782360400744,2360400746
9782360400768,2360400762
9782360400775,2360400770
9782360400782,2360400789
9782360400799,2360400797
9782360400805,2360400800
9782360400812,2360400819
9782360400836,2360400835
9782360400867,236040086X
9782360400904,2360400908
9782360400928,2360400924
9782360400935,2360400932
9782360400959,2360400959
9782360400966,2360400967
9782360400973,2360400975
9782360400980,2360400983
9782360402014,2360402013
9782360402069,2360402064
9782360402076,2360402072
9782360402106,2360402102
9782360402113,2360402110
9782360402120,2360402129
9782360402137,2360402137
9782360402168,2360402161
9782360402182,2360402188
9782360402199,2360402196
9782360402205,236040220X
9782360402236,2360402234
9782360402243,2360402242
9782360402267,2360402269
9782360402298,2360402293
9782360402304,2360402307
9782360402366,2360402366
9782360402397,2360402390
9782360402410,2360402412
9782360402434,2360402439
9782360402458,2360402455
9782360402465,2360402463
9782360402472,2360402471
9782360402489,236040248X
9782360402496,2360402498
9782360402540,2360402544
9782360402557,2360402552
9782360402564,2360402560
9782360402571,2360402579
9782360402618,2360402617
9782360402632,2360402633
9782360402663,2360402668
9782360402670,2360402676
9782360402694,2360402692
9782360402717,2360402714
9782360402724,2360402722
9782360402748,2360402749
9782360402755,2360402757
9782360402779,2360402773
9782360402823,236040282X
9782360402878,2360402870
9782360402885,2360402889
9782360402892,2360402897
9782360402953,2360402951
9782360406586,2360406582
9782360420001,2360420003
9782360420018,2360420011
9782360420032,2360420038
9782360420049,2360420046
9782360420056,
9782360420070,2360420070
9782360420131,
9782360420148,2360420143
9782360420179,2360420178
9782360420186,2360420186
9782360420209,
9782360440016,
9782360440023,
9782360460014,2360460013
9782360460052,2360460056
9782360460090,2360460099
9782360460137,2360460137
9782360470006,2360470000
9782360470037,2360470035
9782360470044,2360470043
9782360470051,2360470051
9782360470075,2360470078
9782360470082,2360470086
9782360470099,2360470094
9782360470105,2360470108
9782360470112,2360470116
9782360470136,2360470132
9782360470143,2360470140
9782360470174,2360470175
9782360470181,2360470183
9782360470204,2360470205
9782360470228,2360470221
9782360470242,2360470248
9782360470259,2360470256
9782360470266,2360470264
9782360470280,2360470280
9782360470303,2360470302
9782360470310,2360470310
9782360470365,2360470361
9782360470396,2360470396
9782360470419,2360470418
9782360470457,2360470450
9782360470471,2360470477
9782360470495,2360470493
9782360470730,
9782360470754,2360470752
9782360470761,2360470760
9782360470778,2360470779
9782360470785,2360470787
9782360470792,2360470795
9782360470808,2360470809
9782360470815,2360470817
9782360470822,
9782360470839,
9782360470846,2360470841
9782360470853,236047085X
9782360470860,2360470868
9782360470877,2360470876
9782360510078,236051007X
9782360510122,2360510126
9782360510139,2360510134
9782360510146,2360510142
9782360510153,2360510150
9782360510160,2360510169
9782360510184,2360510185
9782360510191,2360510193
9782360510207,2360510207
9782360510214,2360510215
9782360510221,2360510223
9782360510252,2360510258
9782360510269,2360510266
9782360510276,2360510274
9782360510290,2360510290
9782360510306,2360510304
9782360510313,2360510312
9782360510351,2360510355
9782360510368,2360510363
9782360510399,2360510398
9782360510405,2360510401
9782360510450,2360510452
9782360510467,2360510460
9782360510481,2360510487
9782360510498,2360510495
9782360510641,2360510649
9782360510665,2360510665
9782360510689,2360510681
9782360510696,236051069X
9782360510719,2360510711
9782360510764,2360510762
9782360510832,2360510835
9782360510955,2360510959
9782360511037,2360511033
9782360511099,2360511092
9782360511174,2360511173
9782360538164,2360538160
9782360538171,2360538179
9782360538188,
9782360538195,
9782360538201,
9782360538218,2360538217
9782360538225,
9782360538232,2360538233
9782360538249,2360538241
9782360538256,236053825X
9782360538263,2360538268
9782360538270,2360538276
9782360538287,2360538284
9782360538300,2360538306
9782360538317,2360538314
9782360538324,2360538322
9782360538331,2360538330
9782360538348,2360538349
9782360538355,2360538357
9782360538362,2360538365
9782360538379,2360538373
9782360538386,2360538381
9782360538393,236053839X
9782360538409,
9782360538416,
9782360538423,
9782360538430,
9782360538447,
9782360538454,
9782360538461,
9782360538478,
9782360540099,2360540092
9782360540105,2360540106
9782360540150,2360540157
9782360540181,2360540181
9782360540204,2360540203
9782360540211,2360540211
9782360540228,236054022X
9782360540235,2360540238
9782360540242,2360540246
9782360540259,2360540254
9782360540273,2360540270
9782360540297,2360540297
9782360540303,2360540300
9782360540334,2360540335
9782360540365,236054036X
9782360540396,2360540394
9782360540402,2360540408
9782360540419,2360540416
9782360540426,2360540424
9782360540433,2360540432
9782360540457,2360540459
9782360540471,2360540475
9782360540488,2360540483
9782360540501,2360540505
9782360540525,2360540521
9782360540532,236054053X
9782360540549,2360540548
9782360540556,2360540556
9782360540563,2360540564
9782360540570,2360540572
9782360540600,2360540602
9782360540617,2360540610
9782360540631,2360540637
9782360540662,2360540661
9782360540693,2360540696
9782360540884,2360540882
9782360541003,2360541005
9782360541041,2360541048
9782360541065,2360541064
9782360541126,2360541129
9782360541133,2360541137
9782360541157,2360541153
9782360541201,236054120X
9782360541225,2360541226
9782360541256,2360541250
9782360541263,2360541269
9782360541270,2360541277
9782360541294,2360541293
9782360541317,2360541315
9782360541324,2360541323
9782360541379,2360541374
9782360541393,2360541390
9782360541409,2360541404
9782360541416,2360541412
9782360541423,2360541420
9782360541492,2360541498
9782360541515,236054151X
9782360541539,2360541536
9782360541546,2360541544
9782360541553,2360541552
9782360541584,2360541587
9782360541607,2360541609
9782360541959,2360541951
9782360542222,2360542222
9782360542277,2360542273
9782360542291,236054229X
9782360542307,2360542303
9782360542321,236054232X
9782360542338,2360542338
9782360542376,2360542370
9782360542932,2360542931
9782360543397,2360543393
9782360543946,2360543946
9782360545957,2360545957
9782360548668,2360548662
9782360548712,2360548719
9782360548729,2360548727
9782360548774,2360548778
9782360548828,
9782360548873,
9782360548927,2360548921
9782360548972,2360548972
9782360549023,
9782360549078,
9782360549160,2360549162
9782360549221,
9782360549313,2360549316
9782360549412,2360549413
9782360549467,
9782360549511,
9782360549566,2360549561
9782360549610,2360549618
9782360549665,
9782360549719,2360549715
9782360549818,2360549812
9782360549863,2360549863
9782360549917,236054991X
9782360570041,2360570048
9782360570096,2360570099
9782360570102,2360570102
9782360570119,2360570110
9782360570157,2360570153
9782360570164,2360570161
9782360570171,236057017X
9782360570201,236057020X
9782360570225,2360570226
9782360570263,2360570269
9782360570270,2360570277
9782360570287,2360570285
9782360570300,2360570307
9782360570317,2360570315
9782360570324,2360570323
9782360570331,2360570331
9782360570348,236057034X
9782360570355,2360570358
9782360570362,2360570366
9782360570379,2360570374
9782360570393,2360570390
9782360570409,2360570404
9782360570416,2360570412
9782360570423,2360570420
9782360570454,2360570455
9782360570461,2360570463
9782360570485,236057048X
9782360570492,2360570498
9782360570508,2360570501
9782360570775,2360570773
9782360570805,2360570803
9782360570836,2360570838
9782360571826,2360571826
9782360571833,2360571834
9782360571840,2360571842
9782360571857,2360571850
9782360571864,2360571869
9782360571871,2360571877
9782360571888,2360571885
9782360571895,2360571893
9782360571901,2360571907
9782360571918,2360571915
9782360571925,2360571923
9782360571932,2360571931
9782360571949,
9782360571956,2360571958
9782360571963,2360571966
9782360571970,2360571974
9782360572533,
9782360572540,2360572547
9782360572571,
9782360572595,
9782360572649,
9782360572670,
9782360572717,2360572717
9782360572724,2360572725
9782360572793,2360572792
9782360572823,
9782360572854,
9782360572885,
9782360572915,
9782360572946,
9782360572977,
9782360580040,2360580043
9782360580057,2360580051
9782360580071,2360580078
9782360580088,
9782360580095,2360580094
9782360580101,2360580108
9782360580125,
9782360580132,2360580132
9782360580187,2360580183
9782360580194,
9782360580224,2360580221
9782360580231,236058023X
9782360580262,2360580264
9782360580279,2360580272
9782360580286,2360580280
9782360580293,
9782360580309,2360580302
9782360580316,
9782360580361,2360580361
9782360580378,236058037X
9782360580392,2360580396
9782360580415,2360580418
9782360580422,2360580426
9782360580446,2360580442
9782360580460,
9782360580521,2360580523
9782360580583,2360580582
9782360580590,2360580590
9782360580729,
9782360580736,2360580736
9782360580798,
9782360580859,
9782360580866,
9782360580873,2360580876
9782360580880,2360580884
9782360580903,
9782360580927,2360580922
9782360581641,2360581643
9782360620074,236062007X
9782360620104,
9782360620135,
9782360620142,
9782360620173,2360620177
9782360620203,2360620207
9782360620227,2360620223
9782360620234,2360620231
9782360620241,236062024X
9782360620258,
9782360620272,2360620274
9782360620289,2360620282
9782360620302,
9782360620319,
9782360620340,2360620347
9782360620364,2360620363
9782360620371,
9782360620388,
9782360620401,
9782360620432,2360620436
9782360620449,2360620444
9782360620456,
9782360620470,
9782360620487,2360620487
9782360620494,2360620495
9782360620548,2360620541
9782360620562,2360620568
9782360620586,
9782360620685,
9782360620708,
9782360620722,236062072X
9782360620739,
9782360620753,2360620754
9782360620777,
9782360620784,
9782360620838,
9782360620845,
9782360620852,2360620851
9782360620883,2360620886
9782360620913,
9782360620951,
9782360620968,2360620967
9782360621040,
9782360621262,2360621262
9782360621491,
9782360621545,2360621548
9782360621552,
9782360621569,
9782360621606,
9782360621835,
9782360622054,2360622056
9782360622061,
9782360622078,
9782360622122,
9782360622153,
9782360622160,2360622161
9782360622177,236062217X
9782360622184,
9782360622191,
9782360622207,
9782360622214,
9782360622221,
9782360622238,
9782360622245,
9782360622252,
9782360622269,
9782360622276,
9782360622283,
9782360622290,
9782360622306,
9782360622313,2360622315
9782360622320,
9782360622337,
9782360622344,
9782360622351,
9782360622368,
9782360622382,
9782360622399,
9782360622405,
9782360622412,
9782360622429,
9782360622436,2360622439
9782360622443,
9782360622467,2360622463
9782360622481,
9782360622498,
9782360622504,
9782360622528,
9782360622535,
9782360622542,
9782360622559,
9782360622573,
9782360622580,
9782360622597,2360622595
9782360622603,
9782360622627,2360622625
9782360622641,
9782360622658,
9782360622665,2360622668
9782360622689,2360622684
9782360622696,
9782360622702,2360622706
9782360622719,
9782360622726,
9782360622733,2360622730
9782360622740,
9782360622757,
9782360622764,
9782360622771,
9782360622795,
9782360630004,
9782360630011,
9782360630035,
9782360630059,
9782360630097,
9782360630103,
9782360630141,
9782360630158,
9782360630165,
9782360630172,
9782360630202,
9782360630226,
9782360630240,
9782360630257,
9782360630288,
9782360630349,
9782360630370,
9782360630387,
9782360630394,
9782360630400,
9782360630462,
9782360630479,
9782360630486,
9782360630509,
9782360630516,
9782360630523,
9782360630561,
9782360630608,
9782360630653,
9782360630677,
9782360630707,
9782360630714,
9782360630738,
9782360630745,
9782360630752,
9782360630769,
9782360630776,
9782360630783,
9782360630790,
9782360630813,
9782360630820,
9782360630868,
9782360630882,
9782360630899,
9782360630905,
9782360630912,
9782360631155,
9782360631186,2360631187
9782360631216,
9782360631223,
9782360631247,
9782360631261,
9782360631278,
9782360631285,
9782360631360,
9782360631377,
9782360631384,
9782360631391,
9782360631407,
9782360631469,
9782360631476,
9782360631483,
9782360631490,
9782360631551,
9782360631582,
9782360631605,
9782360631612,
9782360631629,
9782360631742,
9782360631759,2360631756
9782360631766,
9782360631773,
9782360631797,
9782360631810,
9782360631827,2360631829
9782360631865,
9782360631889,
9782360631933,
9782360631971,
9782360631988,2360631985
9782360631995,
9782360632008,
9782360632015,
9782360632022,
9782360632046,
9782360632053,
9782360632077,
9782360632084,
9782360632114,
9782360632121,
9782360632138,2360632132
9782360632152,
9782360632183,
9782360632213,
9782360632251,
9782360632268,
9782360632305,
9782360632312,
9782360632329,
9782360632350,
9782360632374,
9782360632398,
9782360632404,
9782360632411,
9782360632428,
9782360632442,
9782360632466,
9782360632473,
9782360632480,
9782360632503,
9782360632527,
9782360632534,
9782360632541,
9782360632558,
9782360632565,2360632566
9782360632572,
9782360632596,
9782360632619,
9782360632633,
9782360632640,
9782360632657,
9782360632664,
9782360632671,
9782360632725,
9782360632770,
9782360632787,
9782360632794,
9782360632831,
9782360632848,
9782360632855,
9782360632879,
9782360632954,2360632957
9782360632992,
9782360633005,
9782360633050,
9782360633081,
9782360633098,
9782360710409,
9782360740055,2360740059
9782360740499,2360740490
9782360740734,
9782360740819,
9782360750160,236075016X
9782360750214,2360750216
9782360750221,2360750224
9782360750306,2360750305
9782360750313,2360750313
9782360750351,2360750356
9782360750375,2360750372
9782360750467,2360750461
9782360750658,2360750658
9782360750672,2360750674
9782360750726,2360750720
9782360750825,2360750828
9782360750849,2360750844
9782360750894,2360750895
9782360750917,2360750917
9782360751372,2360751379
9782360751389,2360751387
9782360751396,2360751395
9782360751419,2360751417
9782360751426,2360751425
9782360751440,2360751441
9782360751495,2360751492
9782360751587,2360751581
9782360751594,236075159X
9782360751600,2360751603
9782360751617,2360751611
9782360751723,2360751727
9782360751730,2360751735
9782360751778,2360751778
9782360751815,2360751816
9782360751839,2360751832
9782360752591,2360752596
9782360752607,236075260X
9782360752898,2360752898
9782360752911,236075291X
9782360753048,2360753045
9782360753116,2360753118
9782360753123,2360753126
9782360753161,2360753169
9782360753239,2360753231
9782360753277,2360753274
9782360753710,2360753711
9782360754519,2360754513
9782360754571,2360754572
9782360754588,2360754580
9782360754595,2360754599
9782360754601,2360754602
9782360754618,2360754610
9782360754632,2360754637
9782360754649,2360754645
9782360754656,2360754653
9782360756223,2360756222
9782360756261,2360756265
9782360756278,2360756273
9782360756292,236075629X
9782360756315,2360756311
9782360756322,236075632X
9782360756339,2360756338
9782360756384,2360756389
9782360756407,2360756400
9782360756421,2360756427
9782360756469,236075646X
9782360756490,2360756494
9782360756506,2360756508
9782360756513,2360756516
9782360756544,2360756540
9782360756568,2360756567
9782360756575,2360756575
9782360756599,2360756591
9782360756612,2360756613
9782360756643,2360756648
9782360756667,2360756664
9782360756681,2360756680
9782360756698,2360756699
9782360756735,2360756737
9782360756759,2360756753
9782360756773,236075677X
9782360756797,2360756796
9782360756803,236075680X
9782360756827,2360756826
9782360756834,2360756834
9782360756841,2360756842
9782360756865,2360756869
9782360756889,2360756885
9782360756919,2360756915
9782360756926,2360756923
9782360756940,236075694X
9782360756964,2360756966
9782360756971,2360756974
9782360756988,2360756982
9782360756995,2360756990
9782360757015,2360757016
9782360757039,2360757032
9782360757053,2360757059
9782360757466,2360757466
9782360757480,2360757482
9782360757503,2360757504
9782360757510,2360757512
9782360757527,2360757520
9782360757541,2360757547
9782360757558,2360757555
9782360757565,2360757563
9782360757602,2360757601
9782360757626,2360757628
9782360757633,2360757636
9782360757664,2360757660
9782360757688,2360757687
9782360757701,2360757709
9782360757725,2360757725
9782360757770,2360757776
9782360757824,2360757822
9782360757848,2360757849
9782360757947,2360757946
9782360757961,2360757962
9782360758005,2360758004
9782360758029,2360758020
9782360758043,2360758047
9782360758050,2360758055
9782360758067,2360758063
9782360758081,236075808X
9782360758098,2360758098
9782360758104,2360758101
9782360758111,236075811X
9782360758173,2360758179
9782360758180,2360758187
9782360758197,2360758195
9782360758210,2360758217
9782360758227,2360758225
9782360758265,2360758268
9782360758289,2360758284
9782360758302,2360758306
9782360758418,2360758411
9782360758456,2360758454
9782360758708,2360758705
9782360758715,2360758713
9782360759101,2360759108
9782360759125,2360759124
9782360759132,2360759132
9782360759170,2360759175
9782360759194,2360759191
9782360759231,236075923X
9782360759255,
9782360759279,2360759272
9782360759309,2360759302
9782360759330,2360759337
9782360759354,2360759353
9782360759378,236075937X
9782360759408,236075940X
9782360759422,2360759426
9782360759446,
9782360759460,2360759469
9782360759484,2360759485
9782360759507,2360759507
9782360759521,
9782360759569,2360759566
9782360759613,2360759612
9782360759620,2360759620
9782360759668,
9782360759675,
9782360759699,2360759698
9782360759712,236075971X
9782360759736,2360759736
9782360759750,2360759752
9782360759774,
9782360759798,2360759795
9782360759811,2360759817
9782360759835,2360759833
9782360759859,
9782360759873,
9782360759880,2360759884
9782360759903,
9782360759927,
9782360759941,
9782360759965,
9782360759989,2360759981
9782360810000,2360810006
9782360810031,2360810030
9782360810048,2360810049
9782360810055,2360810057
9782360810062,2360810065
9782360810079,2360810073
9782360810086,2360810081
9782360810093,236081009X
9782360810116,2360810111
9782360810123,236081012X
9782360810130,2360810138
9782360810147,2360810146
9782360810154,2360810154
9782360810161,2360810162
9782360810178,2360810170
9782360810192,2360810197
9782360810208,2360810200
9782360810215,2360810219
9782360810239,2360810235
9782360810246,2360810243
9782360810253,2360810251
9782360810260,236081026X
9782360810284,2360810286
9782360810291,2360810294
9782360810307,2360810308
9782360810321,2360810324
9782360810345,2360810340
9782360810369,2360810367
9782360810383,2360810383
9782360810406,2360810405
9782360810413,2360810413
9782360810420,2360810421
9782360810444,2360810448
9782360810475,2360810472
9782360810574,236081057X
9782360810598,2360810596
9782360810604,236081060X
9782360810642,2360810642
9782360810659,2360810650
9782360810666,2360810669
9782360810710,2360810715
9782360810789,2360810782
9782360810796,2360810790
9782360810826,2360810820
9782360810840,2360810847
9782360810857,2360810855
9782360810864,2360810863
9782360810895,2360810898
9782360811045,2360811045
9782360811076,236081107X
9782360811267,2360811266
9782360811281,2360811282
9782360811571,2360811576
9782360811588,2360811584
9782360811595,2360811592
9782360811601,2360811606
9782360811618,2360811614
9782360811625,2360811622
9782360811632,2360811630
9782360811649,2360811649
9782360811656,2360811657
9782360811663,2360811665
9782360811670,
9782360811687,2360811681
9782360811694,236081169X
9782360811700,2360811703
9782360811748,
9782360811786,
9782360811793,
9782360811809,2360811800
9782360811816,
9782360811823,
9782360811830,2360811835
9782360811847,
9782360811854,2360811851
9782360811878,
9782360811885,
9782360840007,2360840002
9782360840014,2360840010
9782360840069,2360840061
9782360840106,236084010X
9782360840144,2360840142
9782360840182,2360840185
9782360840199,
9782360840212,2360840215
9782360840229,2360840223
9782360840274,2360840274
9782360840311,
9782360840328,2360840320
9782360840366,2360840363
9782360840373,
9782360840410,236084041X
9782360840458,
9782360840496,2360840495
9782360840502,2360840509
9782360840519,2360840517
9782360840557,
9782360840564,
9782360840618,
9782360840656,2360840657
9782360840694,236084069X
9782360840731,
9782360840809,
9782360840847,
9782360840885,
9782360840922,
9782360840939,
9782360840946,
9782360841011,
9782360841059,
9782360841097,
9782360841134,
9782360841141,
9782360841158,
9782360841172,
9782360850044,2360850040
9782360850051,2360850059
9782360850068,2360850067
9782360850082,2360850083
9782360850099,2360850091
9782360850112,
9782360850129,2360850121
9782360850150,
9782360850167,2360850164
9782360850198,2360850199
9782360850204,2360850202
9782360850211,
9782360850228,2360850229
9782360850235,2360850237
9782360850259,
9782360850273,
9782360850334,
9782360850372,2360850377
9782360850396,2360850393
9782360850501,
9782360850518,2360850512
9782360850600,
9782360850778,
9782360850877,
9782360850884,
9782360850891,236085089X
9782360850907,
9782360850914,2360850911
9782360850921,236085092X
9782360850938,2360850938
9782360850945,2360850946
9782360850952,
9782360850969,
9782360850976,
9782360850983,
9782360850990,
9782360851003,2360851004
9782360851027,
9782360851034,
9782360851041,2360851047
9782360851058,2360851055
9782360851065,
9782360851072,
9782360851089,
9782360851096,2360851098
9782360890019,
9782360914364,2360914367
9782360914388,2360914383
9782360914395,2360914391
9782360914401,2360914405
9782360914418,2360914413
9782360914487,2360914480
9782360914562,2360914561
9782360914579,236091457X
9782360914586,2360914588
9782360914593,2360914596
9782360914616,2360914618
9782360914630,2360914634
9782360914678,2360914677
9782360914685,2360914685
9782360914722,2360914723
9782360914739,2360914731
9782360914746,236091474X
9782360914753,2360914758
9782360914760,
9782360914777,
9782360914784,2360914782
9782360914814,
9782360914821,2360914820
9782360914838,2360914839
9782360914845,2360914847
9782360914852,2360914855
9782360914869,2360914863
9782360914876,2360914871
9782360914913,
9782360914920,
9782360914937,
9782360914944,2360914944
9782360914975,
9782360914982,2360914987
9782360914999,2360914995
9782360915040,
9782360915057,
9782360915064,
9782360915095,
9782360930005,2360930001
9782360930012,
9782360930067,2360930060
9782360930074,2360930079
9782360930098,2360930095
9782360930111,2360930117
9782360930128,2360930125
9782360930135,2360930133
9782360930197,2360930192
9782360930227,2360930222
9782360930258,2360930257
9782360930326,236093032X
9782360930357,2360930354
9782360930364,2360930362
9782360930371,2360930370
9782360930388,2360930389
9782360930463,236093046X
9782360930470,2360930478
9782360930517,2360930516
9782360930548,
9782360930555,2360930559
9782360930609,
9782360930616,2360930613
9782360930630,
9782360930647,2360930648
9782360930661,2360930664
9782360930678,2360930672
9782360930685,2360930680
9782360930692,2360930699
9782360930708,
9782360930715,2360930710
9782360930722,
9782360930739,2360930737
9782360930753,2360930753
9782360930807,
9782360930814,2360930818
9782360930869,
9782360930876,
9782360930883,
9782360930890,2360930893
9782360930913,2360930915
9782360930982,2360930982
9782360931019,2360931016
9782360931026,2360931024
9782360931040,2360931040
9782360931057,2360931059
9782360931064,
9782360931095,2360931091
9782360931101,
9782360931118,
9782360931132,
9782360931156,
9782360931163,2360931164
9782360931170,2360931172
9782360931194,
9782360931200,2360931202
9782360931224,2360931229
9782360931231,2360931237
9782360931248,2360931245
9782360931262,
9782360931309,
9782360931316,
9782360931323,2360931326
9782360931354,2360931350
9782360931361,
9782360931378,2360931377
9782360931385,
9782360931408,
9782360931415,
9782360931507,
9782360931545,
9782360931552,
9782360931569,
9782360931576,2360931571
9782360931583,
9782360931590,2360931598
9782360931606,
9782360931613,236093161X
9782360980024,2360980025
9782360980079,2360980076
9782360980130,2360980130
9782360980147,2360980149
9782360980222,236098022X
9782360980260,2360980262
9782360980277,2360980270
9782360980406,2360980408
9782360980437,2360980432
9782360980451,2360980459
9782360980482,2360980483
9782360980499,2360980491
9782360980543,2360980548
9782360980550,2360980556
9782360980574,2360980572
9782360980581,2360980580
9782360980604,2360980602
9782360980611,2360980610
9782360980628,2360980629
9782360980703,236098070X
9782360980710,2360980718
9782360980727,2360980726
9782360980734,2360980734
9782360980741,2360980742
9782360980765,2360980769
9782360980802,2360980807
9782360980819,2360980815
9782360981007,2360981005
9782360981076,2360981072
9782360981090,2360981099
9782360981120,2360981129
9782360981168,2360981161
9782360981175,236098117X
9782360981212,2360981218
9782360981243,2360981242
9782360981250,2360981250
9782360981328,2360981323
9782360981342,236098134X
9782360981410,2360981412
9782360981427,2360981420
9782360981496,2360981498
9782360982394,2360982397
9782360982417,2360982419
9782360982455,2360982451
9782360982462,236098246X
9782360982592,2360982591
9782360982899,2360982893
9782360982967,
9782360983162,2360983164
9782360983414,2360983415
9782360983421,2360983423
9782360983438,2360983431
9782360983537,2360983539
9782360983704,2360983709
9782360983711,2360983717
9782360983728,2360983725
9782360983735,2360983733
9782360983759,236098375X
9782360983902,2360983903
9782360983926,236098392X
9782360983933,2360983938
9782360983940,2360983946
9782360983988,
9782360984008,2360984004
9782360984022,2360984020
9782360984060,2360984063
9782360984077,2360984071
9782360984121,2360984128
9782360984145,2360984144
9782360984169,2360984160
9782360984282,2360984284
9782360984299,2360984292
9782360984312,2360984314
9782360984329,2360984322
9782360984336,2360984330
9782360984343,2360984349
9782360984350,2360984357
9782360984480,2360984489
9782360984510,2360984519
9782360984541,2360984543
9782360984558,
9782360984596,2360984594
9782360984602,2360984608
9782360984619,
9782360984718,2360984713
9782360984824,
9782360984831,
9782360984848,
9782360984855,2360984853
9782360984916,2360984918
9782360984930,2360984934
9782360984961,2360984969
9782360984978,
9782360984992,2360984993
9782360985005,
9782360985012,
9782360985029,
9782360985036,2360985035
9782360985043,
9782360985074,2360985078
9782360985098,2360985094
9782360985111,2360985116
9782360985128,2360985124
9782360985135,
9782360985142,2360985140
9782360985197,2360985191
9782360985203,2360985205
9782360985210,2360985213
9782360985227,2360985221
9782360985234,236098523X
9782360985241,2360985248
9782360985265,2360985264
9782360985289,2360985280
9782360985296,
9782360985302,2360985302
9782360985418,2360985418
9782360985425,2360985426
9782360985432,
9782360985487,
9782360985500,
9782360985548,
9782360985555,
9782360985586,
9782360985623,
9782360985630,2360985639
9782360985647,
9782360985678,2360985671
9782360985685,
9782360985708,2360985701
9782360985715,236098571X
9782360985722,
9782360985746,
9782360985807,
9782360985814,2360985817
9782360985821,
9782360985838,
9782360985999,236098599X
9782360986002,
9782360986040,
9782360986088,
9782360986149,
9782360986187,
9782360986194,2360986198
9782360986248,2360986244
9782360986279,
9782360986293,
9782360986330,
9782360986385,2360986384
9782360986446,
9782360986453,
9782360986460,2360986465
9782360986477,
9782361010065,2361010062
9782361050030,236105003X
9782361050078,2361050072
9782361050177,
9782361050207,236105020X
9782361060022,2361060027
9782361060077,2361060078
9782361060084,2361060086
9782361060121,2361060124
9782361060145,2361060140
9782361060152,2361060159
9782361060206,2361060205
9782361060213,2361060213
9782361060268,2361060264
9782361060275,2361060272
9782361060299,2361060299
9782361060305,2361060302
9782361060312,2361060310
9782361060329,2361060329
9782361060398,2361060396
9782361060404,236106040X
9782361060411,2361060418
9782361060428,2361060426
9782361060435,2361060434
9782361060459,2361060450
9782361062026,236106202X
9782361062057,2361062054
9782361062118,2361062119
9782361062170,2361062178
9782361062217,2361062216
9782361062248,2361062240
9782361063917,2361063913
9782361063993,2361063999
9782361064037,2361064030
9782361064075,2361064073
9782361064112,2361064111
9782361064150,2361064154
9782361064853,2361064855
9782361065171,2361065177
9782361065218,2361065215
9782361065256,2361065258
9782361065294,2361065290
9782361065379,2361065371
9782361065416,236106541X
9782361065492,2361065495
9782361065522,2361065525
9782361065584,2361065584
9782361065621,2361065622
9782361065669,2361065665
9782361065737,2361065738
9782361065775,2361065770
9782361065829,
9782361065867,
9782361065966,
9782361066000,2361066009
9782361066079,2361066076
9782361066123,2361066122
9782361066161,2361066165
9782361066208,
9782361066246,2361066246
9782361066284,2361066289
9782361066390,2361066394
9782361066437,2361066432
9782361066475,2361066475
9782361066512,2361066513
9782361066550,
9782361066567,2361066564
9782361066642,
9782361066659,
9782361066697,
9782361066734,
9782361066772,
9782361066864,
9782361070045,2361070049
9782361070106,2361070103
9782361070113,2361070111
9782361070144,2361070146
9782361070151,2361070154
9782361070175,2361070170
9782361070199,2361070197
9782361070229,2361070227
9782361070281,2361070286
9782361070298,2361070294
9782361070304,2361070308
9782361070335,2361070332
9782361080006,
9782361080013,236108001X
9782361080105,
9782361080112,
9782361100124,2361100126
9782361100155,2361100150
9782361100162,2361100169
9782361100179,2361100177
9782361100186,2361100185
9782361100209,2361100207
9782361100216,2361100215
9782361100292,2361100290
9782361100308,2361100304
9782361100315,2361100312
9782361100322,2361100320
9782361100346,2361100347
9782361100438,2361100436
9782361100445,2361100444
9782361100452,2361100452
9782361100476,2361100479
9782361100513,2361100517
9782361100537,2361100533
9782361100544,2361100541
9782361100810,2361100819
9782361110024,2361110024
9782361110048,2361110040
9782361110055,
9782361110079,2361110075
9782361110086,2361110083
9782361110093,2361110091
9782361110109,2361110105
9782361110116,
9782361110130,
9782361170004,2361170000
9782361170011,2361170019
9782361170028,2361170027
9782361170035,2361170035
9782361170042,2361170043
9782361170066,236117006X
9782361170073,2361170078
9782361170110,2361170116
9782361170141,2361170140
9782361170165,2361170167
9782361170257,2361170256
9782361170264,2361170264
9782361170295,2361170299
9782361170318,2361170310
9782361170325,2361170329
9782361170332,2361170337
9782361170349,2361170345
9782361170356,2361170353
9782361170370,
9782361170387,2361170388
9782361170394,
9782361170400,
9782361170417,
9782361180027,2361180022
9782361180034,2361180030
9782361180058,2361180057
9782361180102,2361180103
9782361180164,2361180162
9782361180195,2361180197
9782361180201,2361180200
9782361180218,2361180219
9782361180225,2361180227
9782361180232,2361180235
9782361180270,2361180278
9782361180287,2361180286
9782361180294,2361180294
9782361180348,2361180340
9782361180355,2361180359
9782361180393,2361180391
9782361180416,2361180413
9782361180423,2361180421
9782361180430,236118043X
9782361180447,2361180448
9782361180454,2361180456
9782361180478,2361180472
9782361180485,2361180480
9782361180492,2361180499
9782361180539,2361180537
9782361180546,2361180545
9782361180553,2361180553
9782361180560,2361180561
9782361180577,236118057X
9782361180607,236118060X
9782361180690,2361180693
9782361180706,2361180707
9782361180751,
9782361180966,
9782361181154,2361181150
9782361181161,2361181169
9782361181178,2361181177
9782361181185,2361181185
9782361181208,2361181207
9782361181215,2361181215
9782361181222,2361181223
9782361181239,2361181231
9782361181253,2361181258
9782361181260,2361181266
9782361181277,2361181274
9782361181284,2361181282
9782361181376,2361181371
9782361181390,2361181398
9782361181413,236118141X
9782361181444,2361181444
9782361181451,2361181452
9782361181468,2361181460
9782361181482,2361181487
9782361181505,2361181509
9782361181512,2361181517
9782361181536,2361181533
9782361181543,2361181541
9782361181567,2361181568
9782361181604,2361181606
9782361181611,2361181614
9782361181628,2361181622
9782361181642,2361181649
9782361181680,2361181681
9782361182007,2361182009
9782361182106,2361182106
9782361182236,2361182238
9782361182243,2361182246
9782361182274,2361182270
9782361182298,2361182297
9782361182304,
9782361182397,2361182394
9782361182526,
9782361182564,2361182564
9782361182588,2361182580
9782361182601,2361182602
9782361182618,2361182610
9782361182625,2361182629
9782361182656,
9782361182687,2361182688
9782361182694,2361182696
9782361182700,236118270X
9782361182717,
9782361182724,2361182726
9782361182731,2361182734
9782361182755,2361182750
9782361182762,2361182769
9782361182779,2361182777
9782361182793,2361182793
9782361182823,2361182823
9782361182847,236118284X
9782361182861,2361182866
9782361182878,2361182874
9782361182908,
9782361182922,
9782361182939,2361182939
9782361220112,2361220113
9782361220211,2361220210
9782361281847,
9782361283780,
9782361283957,2361283956
9782361283971,
9782361284039,2361284030
9782361284145,
9782361284190,
9782361320973,2361320975
9782361390013,
9782361390068,
9782361390112,2361390116
9782361390167,
9782361390228,2361390221
9782361390266,2361390264
9782361390310,2361390310
9782361390372,236139037X
9782361390433,2361390434
9782361390488,2361390485
9782361390532,2361390531
9782361390587,2361390582
9782361390631,2361390639
9782361390686,236139068X
9782361390730,2361390736
9782361390785,2361390787
9782361390839,2361390833
9782361390884,2361390884
9782361390938,2361390930
9782361390945,2361390949
9782361390990,236139099X
9782361391041,236139104X
9782361391645,2361391643
9782361391690,2361391694
9782361391744,2361391740
9782361391799,2361391791
9782361391843,
9782361391898,2361391899
9782361391942,2361391945
9782361391997,2361391996
9782361392161,
9782361392215,2361392216
9782361392260,2361392267
9782361392475,236139247X
9782361392529,
9782361393090,2361393093
9782361393823,2361393824
9782361393878,2361393875
9782361393922,
9782361393977,2361393972
9782361394028,2361394022
9782361394073,
9782361394127,
9782361395278,2361395274
9782361395971,2361395975
9782361396022,2361396025
9782361396077,
9782361396121,2361396122
9782361396176,
9782361396220,236139622X
9782361396275,2361396270
9782361396329,
9782361396428,
9782361396473,2361396475
9782361396527,2361396521
9782361396572,2361396572
9782361396626,
9782361396725,
9782361396770,2361396777
9782361396824,
9782361396879,
9782361396923,
9782361396978,2361396971
9782361397029,
9782361397074,
9782361397135,2361397137
9782361397180,
9782361397234,
9782361397289,2361397285
9782361397333,2361397331
9782361397388,
9782361397395,
9782361397449,
9782361397494,2361397498
9782361397548,2361397544
9782361397593,2361397595
9782361397647,
9782361397739,
9782361397753,
9782361397807,
9782361397852,
9782361397906,
9782361397951,
9782361397968,
9782361398019,236139801X
9782361420222,2361420228
9782361420536,2361420538
9782361420666,236142066X
9782361421526,2361421526
9782361421618,
9782361421656,
9782361421663,
9782361421670,
9782361421687,
9782361421694,
9782361421700,
9782361421717,
9782361421724,
9782361490003,
9782361490027,
9782361490034,
9782361490041,
9782361490058,
9782361490089,
9782361490096,
9782361520373,2361520370
9782361520380,2361520389
9782361520397,2361520397
9782361520434,2361520435
9782361520441,2361520443
9782361520458,2361520451
9782361520465,236152046X
9782361520472,2361520478
9782361520489,2361520486
9782361520496,2361520494
9782361520502,2361520508
9782361520519,2361520516
9782361520526,2361520524
9782361520533,2361520532
9782361520540,2361520540
9782361520564,
9782361520571,2361520575
9782361520601,2361520605
9782361520625,2361520621
9782361520670,2361520672
9782361520687,2361520680
9782361520694,2361520699
9782361520748,2361520745
9782361520755,
9782361520816,
9782361520823,2361520826
9782361520830,2361520834
9782361520854,
9782361520861,2361520869
9782361520878,2361520877
9782361520885,2361520885
9782361520939,2361520931
9782361521011,
9782361521103,
9782361521110,2361521113
9782361521165,2361521164
9782361521172,
9782361521226,
9782361521264,
9782361521325,2361521326
9782361521370,
9782361521400,
9782361521431,
9782361521455,
9782361521462,
9782361521493,
9782361521509,2361521504
9782361521516,
9782361521523,
9782361521622,2361521628
9782361521882,2361521881
9782361521899,
9782361522032,
9782361522056,
9782361522193,2361522195
9782361522223,
9782361522254,
9782361522292,
9782361522384,
9782361522391,
9782361540548,2361540541
9782361540630,2361540630
9782361540661,2361540665
9782361540685,2361540681
9782361540968,2361540967
9782361541033,2361541033
9782361541040,2361541041
9782361550059,
9782361550080,
9782361570057,236157005X
9782361570095,2361570092
9782361570101,2361570106
9782361570125,2361570122
9782361570132,2361570130
9782361570149,2361570149
9782361570187,2361570181
9782361570200,2361570203
9782361570217,2361570211
9782361570224,236157022X
9782361570279,2361570270
9782361570286,2361570289
9782361570293,2361570297
9782361570347,2361570343
9782361570385,2361570386
9782361570392,2361570394
9782361570484,2361570483
9782361570569,2361570564
9782361570590,2361570599
9782361570712,2361570718
9782361570743,2361570742
9782361570767,2361570769
9782361570774,2361570777
9782361570811,2361570815
9782361570828,2361570823
9782361570842,236157084X
9782361570873,2361570874
9782361570880,2361570882
9782361570897,2361570890
9782361570903,2361570904
9782361570989,236157098X
9782361571153,
9782361571924,2361571927
9782361571931,2361571935
9782361571955,2361571951
9782361571962,236157196X
9782361571986,2361571986
9782361571993,
9782361572334,2361572338
9782361572433,
9782361572440,2361572443
9782361572464,236157246X
9782361572471,
9782361572488,2361572486
9782361572495,2361572494
9782361572501,2361572508
9782361572518,
9782361572525,2361572524
9782361572587,2361572583
9782361572617,2361572613
9782361572648,2361572648
9782361572655,2361572656
9782361572662,2361572664
9782361572679,
9782361572686,2361572680
9782361572693,2361572699
9782361572709,
9782361572716,
9782361572723,2361572729
9782361572730,2361572737
9782361572747,
9782361572785,2361572788
9782361572792,2361572796
9782361572808,
9782361572822,
9782361572846,2361572842
9782361572853,
9782361572860,
9782361572877,
9782361572884,
9782361572891,
9782361572907,2361572907
9782361572914,2361572915
9782361572921,
9782361572938,
9782361572945,
9782361572969,
9782361572976,
9782361650148,2361650142
9782361650155,2361650150
9782361650162,2361650169
9782361650179,2361650177
9782361650186,2361650185
9782361650193,2361650193
9782361650209,2361650207
9782361650216,2361650215
9782361650223,2361650223
9782361650230,2361650231
9782361650247,236165024X
9782361650278,2361650274
9782361650292,2361650290
9782361650308,2361650304
9782361650315,2361650312
9782361650322,2361650320
9782361650339,2361650339
9782361650346,2361650347
9782361650384,236165038X
9782361650391,2361650398
9782361650414,236165041X
9782361650469,2361650460
9782361650476,2361650479
9782361650483,2361650487
9782361650698,236165069X
9782361650704,2361650703
9782361650711,2361650711
9782361650728,236165072X
9782361650766,2361650762
9782361650919,2361650916
9782361650964,2361650967
9782361650971,2361650975
9782361650995,2361650991
9782361651015,2361651017
9782361660048,2361660040
9782361660079,2361660075
9782361660086,2361660083
9782361660109,2361660105
9782361660116,2361660113
9782361660123,2361660121
9782361660215,2361660210
9782361660307,236166030X
9782361660697,
9782361661502,2361661500
9782361661557,2361661551
9782361661601,
9782361661656,
9782361680008,
9782361680015,
9782361680022,
9782361680039,
9782361680046,
9782361680060,
9782361680077,
9782361680084,
9782361680114,
9782361680145,
9782361680183,
9782361680244,
9782361680251,
9782361680282,
9782361680305,
9782361680312,
9782361680336,
9782361680350,
9782361680411,
9782361680473,
9782361680480,
9782361680527,
9782361680626,
9782361680640,
9782361680817,
9782361680862,
9782361680947,2361680947
9782361681012,
9782361681074,
9782361681135,
9782361681142,
9782361681166,
9782361681173,
9782361681180,
9782361681203,
9782361681210,
9782361681241,
9782361681258,
9782361681265,
9782361681272,
9782361700058,2361700050
9782361700133,2361700131
9782361700164,2361700166
9782361700249,2361700247
9782361700256,2361700255
9782361700317,236170031X
9782361700324,2361700328
9782361700348,2361700344
9782361700362,2361700360
9782361700430,2361700433
9782361700539,2361700530
9782361700553,2361700557
9782361700614,2361700611
9782361700683,2361700689
9782361700744,2361700743
9782361700782,2361700786
9782361700867,2361700867
9782361701321,2361701324
9782361701666,2361701669
9782361701680,2361701685
9782361701697,2361701693
9782361701727,2361701723
9782361701765,2361701766
9782361701789,2361701782
9782361701802,2361701804
9782361701819,2361701812
9782361701864,2361701863
9782361701871,2361701871
9782361701925,2361701928
9782361701932,2361701936
9782361701963,2361701960
9782361701994,2361701995
9782361702007,2361702002
9782361702038,2361702037
9782361702045,2361702045
9782361702120,2361702126
9782361702182,
9782361702205,
9782361702212,
9782361702229,
9782361702236,
9782361702267,
9782361702274,2361702274
9782361710002,2361710005
9782361710026,2361710021
9782361710033,236171003X
9782361710040,2361710048
9782361830441,2361830442
9782361830618,2361830612
9782361830656,2361830655
9782361830663,2361830663
9782361830694,2361830698
9782361830786,2361830787
9782361830793,2361830795
9782361831264,2361831260
9782361831271,2361831279
9782361831349,2361831341
9782361831653,2361831651
9782361831783,2361831783
9782361831813,2361831813
9782361832797,
9782361833015,2361833018
9782361833091,2361833093
9782361835125,2361835126
9782361835156,2361835150
9782361835217,
9782361835293,2361835290
9782361835323,2361835320
9782361835354,
9782361835385,
9782361835484,2361835487
9782361835507,
9782361835514,2361835517
9782361835521,2361835525
9782361835545,
9782361835606,
9782361835613,
9782361835620,2361835622
9782361835637,
9782361835644,
9782361835651,2361835657
9782361835798,2361835797
9782361835804,2361835800
9782361835897,2361835894
9782361835903,2361835908
9782361835910,2361835916
9782361835927,2361835924
9782361836146,2361836149
9782361836153,2361836157
9782361836160,2361836165
9782361836177,2361836173
9782361836184,2361836181
9782361836191,236183619X
9782361836207,
9782361836214,
9782361836221,
9782361836238,
9782361836269,2361836262
9782361836290,
9782361836306,2361836300
9782361836313,2361836319
9782361836320,
9782361836344,2361836343
9782361836351,
9782361836368,236183636X
9782361836399,
9782361836405,
9782361836429,2361836424
9782361836443,
9782361836450,
9782361836467,
9782361836474,2361836475
9782361836511,
9782361836641,
9782361836795,
9782361836801,
9782361836818,
9782361836825,
9782361836832,2361836831
9782361836849,
9782361836856,
9782361836863,
9782361836870,2361836874
9782361836887,2361836882
9782361836900,
9782361836924,2361836920
9782361836931,2361836939
9782361836948,
9782361836955,
9782361837020,
9782361837037,
9782361837044,
9782361837051,
9782361837198,
9782361837204,
9782361837211,
9782361837228,
9782361837310,
9782361837327,
9782361837334,
9782361837341,
9782361837358,
9782361837365,
9782361837372,
9782361850050,2361850052
9782361850067,2361850060
9782361850081,2361850087
9782361850425,2361850427
9782361880019,2361880016
9782361880088,2361880083
9782361880095,2361880091
9782361880118,2361880113
9782361880132,236188013X
9782361880200,2361880202
9782361880217,2361880210
9782361880231,2361880237
9782361880248,2361880245
9782361880255,2361880253
9782361880262,2361880261
9782361880279,236188027X
9782361880293,2361880296
9782361880323,2361880326
9782361880354,2361880350
9782361880361,2361880369
9782361880378,2361880377
9782361880385,2361880385
9782361880408,2361880407
9782361880415,2361880415
9782361880422,2361880423
9782361880477,2361880474
9782361880484,2361880482
9782361880491,2361880490
9782361880507,2361880504
9782361880521,2361880520
9782361880538,2361880539
9782361880576,2361880571
9782361880590,2361880598
9782361880613,236188061X
9782361880644,2361880644
9782361880651,2361880652
9782361880668,2361880660
9782361880675,2361880679
9782361880682,2361880687
9782361880699,2361880695
9782361880705,2361880709
9782361880880,2361880881
9782361880903,2361880903
9782361880934,2361880938
9782361880941,2361880946
9782361880958,2361880954
9782361880965,2361880962
9782361881009,2361881004
9782361881016,2361881012
9782361881030,2361881039
9782361881047,2361881047
9782361881054,2361881055
9782361881061,2361881063
9782361881078,2361881071
9782361881085,236188108X
9782361881092,2361881098
9782361881108,2361881101
9782361881146,2361881144
9782361881153,2361881152
9782361881160,2361881160
9782361881191,2361881195
9782361881214,2361881217
9782361881238,2361881233
9782361881252,236188125X
9782361881276,2361881276
9782361881658,2361881659
9782361881733,236188173X
9782361882112,2361882116
9782361882556,2361882558
9782361882570,2361882574
9782361882600,2361882604
9782361882648,2361882647
9782361882693,2361882698
9782361882709,2361882701
9782361882716,236188271X
9782361882730,2361882736
9782361882747,2361882744
9782361882754,2361882752
9782361882761,2361882760
9782361882778,2361882779
9782361882785,2361882787
9782361882792,2361882795
9782361882808,2361882809
9782361882815,2361882817
9782361882822,2361882825
9782361882839,2361882833
9782361882846,2361882841
9782361882853,236188285X
9782361882860,2361882868
9782361882877,2361882876
9782361882884,2361882884
9782361882914,2361882914
9782361882921,2361882922
9782361882938,2361882930
9782361882945,2361882949
9782361882952,2361882957
9782361882969,2361882965
9782361882983,2361882981
9782361882990,236188299X
9782361883003,2361883007
9782361883010,2361883015
9782361883027,2361883023
9782361883034,2361883031
9782361883041,236188304X
9782361883058,2361883058
9782361883072,2361883074
9782361883089,2361883082
9782361883096,2361883090
9782361883102,2361883104
9782361883119,2361883112
9782361883126,
9782361883133,2361883139
9782361883140,2361883147
9782361883157,2361883155
9782361883164,2361883163
9782361883171,
9782361883188,236188318X
9782361883195,2361883198
9782361883201,2361883201
9782361883218,236188321X
9782361883225,2361883228
9782361883232,2361883236
9782361883249,2361883244
9782361883263,
9782361883294,2361883295
9782361883300,2361883309
9782361883317,2361883317
9782361883324,2361883325
9782361883331,2361883333
9782361883348,2361883341
9782361883379,
9782361883386,2361883384
9782361883393,
9782361883423,2361883422
9782361883430,2361883430
9782361883461,2361883465
9782361883478,2361883473
9782361883485,2361883481
9782361883492,236188349X
9782361883508,2361883503
9782361883515,
9782361883522,236188352X
9782361883539,2361883538
9782361883546,2361883546
9782361883553,
9782361883560,2361883562
9782361883591,
9782361883607,2361883600
9782361883614,2361883619
9782361883621,2361883627
9782361883638,2361883635
9782361883645,
9782361883652,
9782361883669,236188366X
9782361883676,2361883678
9782361883683,
9782361883690,
9782361883737,2361883732
9782361883751,2361883759
9782361883768,
9782361883799,2361883791
9782361883805,2361883805
9782361883812,
9782361883829,2361883821
9782361883836,236188383X
9782361883843,2361883848
9782361883850,2361883856
9782361883867,
9782361883881,2361883880
9782361883898,
9782361883911,2361883910
9782361883928,2361883929
9782361883942,
9782361883959,2361883953
9782361883966,2361883961
9782361883973,236188397X
9782361883980,2361883988
9782361883997,2361883996
9782361884017,
9782361884024,
9782361884048,2361884046
9782361884055,
9782361884079,
9782361884086,
9782361884093,
9782361884130,
9782361884178,
9782361884208,2361884208
9782361930028,2361930021
9782361930066,2361930064
9782361930073,2361930072
9782361930080,2361930080
9782361930110,2361930110
9782361930127,2361930129
9782361930141,2361930145
9782361930158,2361930153
9782361930165,2361930161
9782361930172,236193017X
9782361930202,236193020X
9782361930226,2361930226
9782361930240,2361930242
9782361930257,2361930250
9782361930264,2361930269
9782361930417,2361930412
9782361930455,2361930455
9782361930462,2361930463
9782361930509,2361930501
9782361930516,236193051X
9782361930776,2361930773
9782361930783,2361930781
9782361930790,236193079X
9782361930820,236193082X
9782361930851,2361930854
9782361930882,2361930889
9782361930912,2361930919
9782361930998,2361930994
9782361931025,2361931028
9782361931032,2361931036
9782361931087,2361931087
9782361931094,2361931095
9782361931100,2361931109
9782361931162,2361931168
9782361931179,2361931176
9782361931339,2361931338
9782361931414,2361931419
9782361931520,2361931524
9782361931537,2361931532
9782361931575,2361931575
9782361931605,2361931605
9782361931629,2361931621
9782361931827,2361931826
9782361931858,2361931850
9782361931896,2361931893
9782361931926,2361931923
9782361931957,2361931958
9782361932053,2361932059
9782361932060,2361932067
9782361932152,2361932156
9782361932176,2361932172
9782361932220,2361932229
9782361932244,2361932245
9782361932251,2361932253
9782361932435,2361932431
9782361932442,236193244X
9782361932527,2361932520
9782361932541,2361932547
9782361932596,2361932598
9782361932626,2361932628
9782361933081,236193308X
9782361933180,2361933187
9782361933241,2361933241
9782361933388,2361933381
9782361933661,2361933667
9782361933678,2361933675
9782361934019,
9782361934248,2361934248
9782361934576,2361934574
9782361934583,
9782361934590,2361934590
9782361935092,2361935090
9782361935108,2361935104
9782361935344,2361935341
9782361935382,2361935384
9782361935474,2361935473
9782361935481,2361935481
9782361935504,2361935503
9782361935511,2361935511
9782361935528,236193552X
9782361935535,2361935538
9782361935573,2361935570
9782361935580,2361935589
9782361935597,2361935597
9782361935603,2361935600
9782361935610,2361935619
9782361935627,2361935627
9782361935634,2361935635
9782361935641,2361935643
9782361935658,2361935651
9782361935665,236193566X
9782361935672,2361935678
9782361935689,2361935686
9782361935696,2361935694
9782361935719,2361935716
9782361935726,2361935724
9782361935733,
9782361935795,2361935791
9782361935801,
9782361935832,
9782361935849,2361935848
9782361935856,2361935856
9782361935863,2361935864
9782361935887,2361935880
9782361935894,2361935899
9782361935900,2361935902
9782361935917,2361935910
9782361935924,
9782361935931,
9782361935948,2361935945
9782361935955,2361935953
9782361935962,2361935961
9782361936044,2361936046
9782361936051,2361936054
9782361936068,2361936062
9782361936105,2361936100
9782361936112,
9782361936136,2361936135
9782361936167,
9782361936198,2361936194
9782361936211,
9782361936242,2361936240
9782361936280,
9782361940010,
9782361940034,2361940035
9782361940058,
9782361940065,236194006X
9782361940072,2361940078
9782361940089,2361940086
9782361940119,2361940116
9782361940133,2361940132
9782361940164,2361940167
9782361940201,2361940205
9782361940225,
9782361940232,
9782361950057,2361950057
9782361950071,2361950073
9782361950767,2361950766
9782361950842,2361950847
9782361950941,2361950944
9782361951108,236195110X
9782361951399,2361951398
9782361951498,
9782361951504,2361951509
9782361951702,2361951703
9782361952709,236195270X
9782361952723,2361952726
9782361952990,2361952998
9782361953034,236195303X
9782361953058,2361953056
9782361953096,2361953099
9782361953102,2361953102
9782361953119,2361953110
9782361953126,2361953129
9782361953164,2361953161
9782361953171,236195317X
9782361953188,2361953188
9782361953201,236195320X
9782361953249,2361953242
9782361953256,2361953250
9782361953263,2361953269
9782361953270,2361953277
9782361953287,2361953285
9782361953300,
9782361953317,2361953315
9782361953355,2361953358
9782361953362,2361953366
9782361953416,2361953412
9782361953423,2361953420
9782361953454,2361953455
9782361953461,2361953463
9782361953478,2361953471
9782361953485,236195348X
9782361953492,2361953498
9782361953508,2361953501
9782361953515,236195351X
9782361953539,2361953536
9782361953577,2361953579
9782361953591,2361953595
9782361953607,2361953609
9782361953638,2361953633
9782361953645,2361953641
9782361953676,2361953676
9782361953720,2361953722
9782361953737,2361953730
9782361953768,2361953765
9782361953775,2361953773
9782361953782,2361953781
9782361953799,
9782361953805,2361953803
9782361953867,
9782361953874,2361953870
9782361953911,2361953919
9782361953935,2361953935
9782361953942,2361953943
9782361953966,
9782361954017,236195401X
9782361954024,2361954028
9782361954031,2361954036
9782361954048,2361954044
9782361954116,2361954117
9782361954123,2361954125
9782361954161,2361954168
9782361954185,2361954184
9782361954215,2361954214
9782361954345,
9782361954352,2361954354
9782361954406,2361954400
9782361954413,2361954419
9782361954451,2361954451
9782361954475,2361954478
9782361954482,2361954486
9782361954499,2361954494
9782361954543,2361954540
9782361954611,2361954613
9782361954628,2361954621
9782361954659,2361954656
9782361954666,2361954664
9782361954673,
9782361954680,
9782361954703,2361954702
9782361954727,2361954729
9782361954802,
9782361954857,2361954850
9782361954888,2361954885
9782361954895,2361954893
9782361954901,2361954907
9782361954918,
9782361954925,2361954923
9782361954987,2361954982
9782361955045,2361955040
9782361955199,
9782361993917,2361993910
9782361994365,2361994364
9782361994563,2361994569
9782362040009,
9782362040030,2362040038
9782362040047,2362040046
9782362040054,2362040054
9782362040061,
9782362040078,
9782362040085,
9782362040092,
9782362040108,
9782362040115,
9782362040122,2362040127
9782362040139,
9782362040146,
9782362040153,
9782362040160,
9782362040252,2362040259
9782362040269,2362040267
9782362040276,2362040275
9782362040283,
9782362040290,2362040291
9782362040344,
9782362040368,
9782362040399,
9782362040450,2362040453
9782362040559,2362040550
9782362040566,2362040569
9782362040573,2362040577
9782362040580,
9782362040597,
9782362040603,
9782362040610,
9782362040627,2362040623
9782362040634,2362040631
9782362040641,
9782362040658,
9782362040665,
9782362040672,2362040674
9782362040689,
9782362040696,B07Y1V7HQR
9782362040702,
9782362040719,
9782362040726,
9782362040733,
9782362040740,
9782362040757,
9782362040764,
9782362040771,
9782362040788,
9782362040795,
9782362040801,
9782362040818,
9782362040825,
9782362040832,
9782362040849,
9782362040856,
9782362040863,
9782362040870,
9782362040887,
9782362040894,
9782362040900,
9782362040917,
9782362040924,
9782362040931,
9782362040948,
9782362040955,
9782362060014,2362060012
9782362060021,2362060020
9782362060038,2362060039
9782362060045,2362060047
9782362060052,2362060055
9782362060069,2362060063
9782362060076,2362060071
9782362060083,236206008X
9782362060090,2362060098
9782362060168,2362060160
9782362060182,2362060187
9782362060199,2362060195
9782362060205,2362060209
9782362060212,2362060217
9782362060229,2362060225
9782362060236,
9782362060281,2362060284
9782362060472,2362060470
9782362060489,
9782362060496,2362060497
9782362060502,2362060500
9782362060519,2362060519
9782362060526,2362060527
9782362060533,
9782362060540,
9782362060571,
9782362060588,
9782362060595,
9782362060601,
9782362060618,
9782362070051,
9782362070075,
9782362070129,
9782362070136,
9782362070143,
9782362070204,
9782362070211,
9782362080005,2362080005
9782362140013,
9782362140020,
9782362140037,2362140032
9782362140044,2362140040
9782362140082,2362140083
9782362140105,2362140105
9782362140136,236214013X
9782362140150,
9782362140211,2362140210
9782362140228,
9782362140303,236214030X
9782362140419,2362140415
9782362140433,
9782362170034,2362170039
9782362170041,2362170047
9782362170065,2362170063
9782362170126,2362170128
9782362170317,2362170314
9782362170379,2362170373
9782362170423,236217042X
9782362170430,2362170438
9782362170454,2362170454
9782362170478,2362170470
9782362170508,2362170500
9782362190025,2362190021
9782362190049,2362190048
9782362190056,2362190056
9782362190100,2362190102
9782362190124,2362190129
9782362190131,2362190137
9782362190179,236219017X
9782362190216,2362190218
9782362190247,2362190242
9782362190322,2362190323
9782362190339,2362190331
9782362190346,236219034X
9782362190360,2362190366
9782362190384,2362190382
9782362190414,2362190412
9782362190452,2362190455
9782362190469,2362190463
9782362190476,2362190471
9782362190483,236219048X
9782362190506,2362190501
9782362190513,236219051X
9782362190520,
9782362190537,2362190536
9782362190551,2362190552
9782362190568,2362190560
9782362190575,2362190579
9782362190674,2362190676
9782362190681,2362190684
9782362190803,2362190803
9782362190889,
9782362190896,2362190897
9782362190926,2362190927
9782362190940,2362190943
9782362190964,236219096X
9782362191015,236219101X
9782362191046,2362191044
9782362191114,2362191117
9782362191169,2362191168
9782362191336,2362191338
9782362191343,
9782362191381,2362191389
9782362191398,
9782362191404,2362191400
9782362191411,
9782362191428,2362191427
9782362191640,2362191648
9782362191688,2362191680
9782362191701,2362191702
9782362191718,2362191710
9782362191732,
9782362191756,
9782362191763,2362191761
9782362191770,236219177X
9782362191787,
9782362191824,
9782362191831,
9782362191848,2362191842
9782362191855,2362191850
9782362191862,
9782362191879,
9782362191886,2362191885
9782362191909,
9782362191923,
9782362191930,
9782362191978,
9782362191985,
9782362191992,
9782362200564,2362200566
9782362200601,2362200604
9782362200625,2362200620
9782362200649,2362200647
9782362200663,2362200663
9782362200779,2362200779
9782362200816,
9782362210419,2362210413
9782362211393,
9782362211539,
9782362211546,
9782362211584,
9782362220005,2362220001
9782362220029,
9782362220036,
9782362220043,
9782362220050,
9782362220067,2362220060
9782362220098,
9782362220104,
9782362220111,
9782362220128,
9782362220135,
9782362220142,2362220141
9782362220159,
9782362220173,2362220176
9782362220180,
9782362220197,2362220192
9782362220210,
9782362220227,
9782362220234,
9782362220265,
9782362220272,
9782362220289,
9782362220296,
9782362220302,2362220303
9782362220326,
9782362220333,
9782362220340,
9782362220357,
9782362220364,
9782362220388,
9782362220395,
9782362220418,
9782362220425,
9782362220432,
9782362220449,
9782362220487,
9782362220494,
9782362240003,
9782362240010,2362240010
9782362240027,2362240029
9782362240034,
9782362240041,
9782362240058,
9782362240065,
9782362240157,2362240150
9782362240164,2362240169
9782362240188,2362240185
9782362240249,236224024X
9782362240287,2362240282
9782362240300,
9782362240317,2362240312
9782362240331,2362240339
9782362240409,2362240401
9782362240423,2362240428
9782362240478,2362240479
9782362240485,2362240487
9782362240492,2362240495
9782362240508,2362240509
9782362240539,
9782362240546,2362240541
9782362240805,
9782362240911,2362240916
9782362240928,
9782362240935,
9782362240942,
9782362240959,
9782362240966,
9782362240973,2362240975
9782362240980,2362240983
9782362240997,
9782362241055,
9782362241062,
9782362241079,2362241076
9782362241086,
9782362241093,
9782362241109,
9782362241130,
9782362260087,2362260089
9782362290008,236229000X
9782362290015,2362290018
9782362290022,
9782362290039,2362290034
9782362290084,2362290085
9782362290091,2362290093
9782362290107,2362290107
9782362290114,2362290115
9782362290121,2362290123
9782362290138,2362290131
9782362290152,2362290158
9782362290169,2362290166
9782362290176,2362290174
9782362290183,2362290182
9782362290190,2362290190
9782362290206,2362290204
9782362290213,2362290212
9782362290237,2362290239
9782362290244,2362290247
9782362290251,2362290255
9782362290268,2362290263
9782362290275,2362290271
9782362290299,2362290298
9782362290305,2362290301
9782362290329,2362290328
9782362290336,2362290336
9782362290343,2362290344
9782362290350,2362290352
9782362290558,2362290557
9782362290565,2362290565
9782362290572,2362290573
9782362290589,2362290581
9782362290596,236229059X
9782362290602,2362290603
9782362290626,236229062X
9782362290688,2362290689
9782362290695,2362290697
9782362290701,2362290700
9782362290718,2362290719
9782362290725,2362290727
9782362290732,2362290735
9782362290749,2362290743
9782362290756,2362290751
9782362290770,2362290778
9782362291319,2362291316
9782362291326,
9782362291371,
9782362291388,2362291383
9782362291395,2362291391
9782362291418,2362291413
9782362291845,2362291847
9782362291982,2362291987
9782362291999,
9782362292002,2362292002
9782362292019,
9782362292026,2362292029
9782362292040,
9782362292309,2362292304
9782362292316,
9782362292323,
9782362292330,2362292339
9782362292347,2362292347
9782362292354,
9782362292361,2362292363
9782362292378,2362292371
9782362292392,2362292398
9782362292408,2362292401
9782362292415,
9782362292422,2362292428
9782362292439,2362292436
9782362292477,2362292479
9782362292699,236229269X
9782362292736,2362292738
9782362292743,2362292746
9782362292750,2362292754
9782362292781,2362292789
9782362292798,2362292797
9782362292804,2362292800
9782362292828,
9782362292835,2362292835
9782362292842,2362292843
9782362292866,236229286X
9782362292910,2362292916
9782362292927,2362292924
9782362292934,2362292932
9782362292972,2362292975
9782362293276,2362293270
9782362293351,2362293351
9782362293436,2362293432
9782362293467,2362293467
9782362293498,2362293491
9782362293580,2362293580
9782362293597,2362293599
9782362293603,2362293602
9782362293719,2362293718
9782362293726,2362293726
9782362293733,
9782362300141,
9782362300158,
9782362300400,
9782362300424,
9782362300448,
9782362300455,
9782362300462,
9782362310041,2362310043
9782362310072,2362310078
9782362310096,2362310094
9782362310171,2362310175
9782362310225,2362310221
9782362310232,236231023X
9782362310324,2362310329
9782362310331,2362310337
9782362310348,2362310345
9782362310379,236231037X
9782362310386,2362310388
9782362310393,2362310396
9782362310416,2362310418
9782362310447,2362310442
9782362310454,2362310450
9782362310485,2362310485
9782362310492,2362310493
9782362310515,2362310515
9782362310539,2362310531
9782362310584,2362310582
9782362310607,2362310604
9782362310614,2362310612
9782362310621,2362310620
9782362310638,2362310639
9782362310683,236231068X
9782362310812,2362310817
9782362310836,2362310833
9782362310928,2362310922
9782362310935,2362310930
9782362310959,2362310957
9782362311031,2362311031
9782362311048,236231104X
9782362311055,2362311058
9782362311062,2362311066
9782362311116,2362311112
9782362311130,2362311139
9782362311192,2362311198
9782362311215,236231121X
9782362311222,2362311228
9782362311246,2362311244
9782362311277,2362311279
9782362311307,2362311309
9782362311352,236231135X
9782362311710,2362311716
9782362311819,2362311813
9782362311857,2362311856
9782362311864,2362311864
9782362311871,2362311872
9782362311888,2362311880
9782362311895,2362311899
9782362311901,2362311902
9782362311918,2362311910
9782362311925,2362311929
9782362311932,2362311937
9782362312076,2362312070
9782362312151,2362312151
9782362312380,2362312380
9782362312618,2362312615
9782362312687,2362312682
9782362312755,2362312755
9782362312861,2362312860
9782362312915,2362312917
9782362313790,
9782362313820,
9782362313868,
9782362314100,2362314103
9782362314117,2362314111
9782362314193,2362314197
9782362314315,
9782362314490,2362314499
9782362314513,2362314510
9782362314629,2362314626
9782362314711,2362314715
9782362314995,2362314995
9782362315008,
9782362315022,2362315029
9782362315046,2362315045
9782362315138,
9782362315152,2362315150
9782362315251,
9782362315350,2362315355
9782362315367,
9782362315404,2362315401
9782362315428,2362315428
9782362315473,2362315479
9782362315541,2362315541
9782362315664,2362315665
9782362315756,2362315754
9782362315794,2362315797
9782362315909,2362315908
9782362315916,2362315916
9782362315947,2362315940
9782362316036,2362316033
9782362316104,2362316106
9782362316128,
9782362316180,2362316181
9782362316210,2362316211
9782362316371,2362316378
9782362316388,2362316386
9782362316432,
9782362316487,2362316483
9782362316524,2362316521
9782362316548,2362316548
9782362316593,2362316599
9782362316616,2362316610
9782362316753,2362316750
9782362316791,2362316793
9782362316814,2362316815
9782362316821,2362316823
9782362316890,2362316890
9782362317019,2362317013
9782362317033,
9782362317064,2362317064
9782362317095,2362317099
9782362317125,2362317129
9782362317132,2362317137
9782362317163,
9782362317217,2362317218
9782362317262,2362317269
9782362317286,
9782362317293,2362317293
9782362317392,2362317390
9782362317460,
9782362317538,2362317536
9782362317545,2362317544
9782362317576,
9782362317590,
9782362331152,2362331156
9782362331169,2362331164
9782362331176,2362331172
9782362331190,2362331199
9782362331435,2362331431
9782362331633,2362331636
9782362331640,2362331644
9782362331664,2362331660
9782362331671,2362331679
9782362331695,2362331695
9782362331817,2362331814
9782362331824,2362331822
9782362331831,2362331830
9782362331848,2362331849
9782362341045,2362341046
9782362341076,2362341070
9782362341090,2362341097
9782362341373,2362341372
9782362341496,2362341496
9782362341533,2362341534
9782362341601,2362341607
9782362341731,2362341739
9782362341748,2362341747
9782362341755,2362341755
9782362341762,2362341763
9782362341779,2362341771
9782362341786,236234178X
9782362341809,2362341801
9782362341816,236234181X
9782362341823,2362341828
9782362341830,2362341836
9782362341854,2362341852
9782362341861,2362341860
9782362341878,2362341879
9782362345012,2362345017
9782362345029,2362345025
9782362345043,2362345041
9782362345050,236234505X
9782362345067,2362345068
9782362345074,2362345076
9782362345098,2362345092
9782362345104,2362345106
9782362345111,2362345114
9782362345128,2362345122
9782362345135,2362345130
9782362345142,
9782362345159,
9782362345166,2362345165
9782362345173,2362345173
9782362345180,2362345181
9782362345197,236234519X
9782362345203,2362345203
9782362345210,2362345211
9782362345241,2362345246
9782362345258,2362345254
9782362345265,2362345262
9782362345296,2362345297
9782362345302,
9782362345326,2362345327
9782362345333,2362345335
9782362345340,2362345343
9782362345357,2362345351
9782362345364,236234536X
9782362345371,2362345378
9782362345388,
9782362360015,2362360016
9782362360022,2362360024
9782362360060,2362360067
9782362360077,2362360075
9782362360084,2362360083
9782362420023,2362420027
9782362420030,2362420035
9782362420047,2362420043
9782362420054,2362420051
9782362420061,236242006X
9782362420078,2362420078
9782362420085,2362420086
9782362420092,2362420094
9782362420108,2362420108
9782362420115,2362420116
9782362420122,2362420124
9782362420139,2362420132
9782362420146,2362420140
9782362420153,2362420159
9782362420160,2362420167
9782362420177,2362420175
9782362420191,2362420191
9782362420214,2362420213
9782362420221,2362420221
9782362420238,236242023X
9782362420245,2362420248
9782362420252,2362420256
9782362420269,2362420264
9782362420276,2362420272
9782362420320,2362420329
9782362420382,2362420388
9782362420399,2362420396
9782362420412,2362420418
9782362420436,2362420434
9782362420450,2362420450
9782362420467,2362420469
9782362420474,2362420477
9782362420542,236242054X
9782362420566,
9782362420573,2362420574
9782362420603,
9782362420610,2362420612
9782362420658,
9782362420665,2362420663
9782362420672,
9782362420702,
9782362420726,
9782362420740,2362420744
9782362420757,2362420752
9782362420771,
9782362420788,
9782362420795,
9782362420801,
9782362420818,
9782362420825,
9782362420832,
9782362420849,2362420841
9782362420856,236242085X
9782362420863,
9782362420870,
9782362420887,2362420884
9782362420894,
9782362420900,
9782362420917,
9782362420924,
9782362430015,2362430014
9782362430022,2362430022
9782362430060,2362430065
9782362430084,2362430081
9782362430091,236243009X
9782362430152,2362430154
9782362430176,2362430170
9782362430190,2362430197
9782362430206,2362430200
9782362430251,2362430251
9782362430268,236243026X
9782362430282,2362430286
9782362430305,2362430308
9782362430329,2362430324
9782362430336,2362430332
9782362430343,2362430340
9782362430398,2362430391
9782362430411,2362430413
9782362430459,
9782362430466,2362430464
9782362430473,2362430472
9782362430480,2362430480
9782362430497,2362430499
9782362430503,2362430502
9782362430527,2362430529
9782362430534,2362430537
9782362460043,
9782362460067,
9782362460081,2362460088
9782362460098,2362460096
9782362460104,
9782362460111,
9782362460128,
9782362460135,
9782362460142,
9782362460159,2362460150
9782362460166,2362460169
9782362460173,2362460177
9782362460180,2362460185
9782362460197,
9782362460203,
9782362460234,2362460231
9782362460241,236246024X
9782362460258,2362460258
9782362460265,2362460266
9782362460272,2362460274
9782362460289,2362460282
9782362460296,2362460290
9782362460302,2362460304
9782362460319,2362460312
9782362460326,2362460320
9782362460333,
9782362460340,
9782362460401,2362460401
9782362460418,236246041X
9782362460425,2362460428
9782362460432,2362460436
9782362460449,
9782362460609,2362460606
9782362460715,
9782362461163,2362461165
9782362461187,
9782362461316,2362461319
9782362461460,2362461467
9782362461477,2362461475
9782362461484,
9782362461491,2362461491
9782362461583,2362461580
9782362461743,2362461742
9782362461965,2362461963
9782362462320,2362462323
9782362462337,2362462331
9782362462405,
9782362462412,2362462412
9782362462511,236246251X
9782362462528,
9782362462573,2362462579
9782362462580,
9782362462597,
9782362463105,2362463109
9782362463112,2362463117
9782362463129,2362463125
9782362463136,2362463133
9782362463174,
9782362463198,2362463192
9782362463204,2362463206
9782362463211,2362463214
9782362463228,
9782362463266,
9782362463273,
9782362463280,
9782362463297,
9782362463303,
9782362463310,
9782362463327,
9782362463334,
9782362463341,
9782362463358,2362463354
9782362463365,
9782362463372,
9782362463389,
9782362463402,2362463400
9782362463419,2362463419
9782362463426,
9782362463433,
9782362463440,2362463443
9782362463457,
9782362463464,236246346X
9782362463471,2362463478
9782362463495,2362463494
9782362463501,2362463508
9782362463570,
9782362463587,
9782362463631,
9782362463648,
9782362463662,
9782362463679,
9782362470004,2362470008
9782362470011,2362470016
9782362470165,2362470164
9782362470172,2362470172
9782362470189,2362470180
9782362470219,2362470210
9782362470233,2362470237
9782362470257,2362470253
9782362470295,2362470296
9782362470301,236247030X
9782362470370,2362470377
9782362470417,2362470415
9782362470424,2362470423
9782362470431,2362470431
9782362470448,236247044X
9782362470455,2362470458
9782362470691,2362470695
9782362470837,2362470830
9782362472008,
9782362480003,2362480003
9782362480188,2362480186
9782362480263,
9782362490422,2362490424
9782362490736,2362490734
9782362490811,
9782362490859,2362490858
9782362490897,
9782362490996,2362490998
9782362491221,2362491226
9782362491689,2362491684
9782362491764,2362491765
9782362492358,2362492354
9782362492372,2362492370
9782362492570,2362492575
9782362492761,2362492761
9782362492785,
9782362492815,2362492818
9782362492846,2362492842
9782362492884,2362492885
9782362492938,2362492931
9782362492945,236249294X
9782362492983,2362492982
9782362492990,2362492990
9782362493638,2362493636
9782362493713,
9782362493737,
9782362494147,
9782362494321,
9782362494338,2362494330
9782362494352,2362494357
9782362494390,236249439X
9782362494642,
9782362494659,2362494659
9782362494680,2362494683
9782362494703,
9782362494710,2362494713
9782362494758,
9782362494772,2362494772
9782362494796,2362494799
9782362494819,2362494810
9782362495007,2362495000
9782362495021,
9782362495038,2362495035
9782362495328,2362495329
9782362495335,2362495337
9782362495366,2362495361
9782362495472,
9782362495540,236249554X
9782362495571,
9782362495595,2362495590
9782362495847,
9782362495861,2362495868
9782362495885,
9782362495922,2362495922
9782362560002,2362560007
9782362560019,2362560015
9782362560088,2362560082
9782362560101,2362560104
9782362560125,2362560120
9782362560200,2362560201
9782362560224,2362560228
9782362560231,2362560236
9782362560248,2362560244
9782362560286,2362560287
9782362560347,2362560341
9782362560354,236256035X
9782362560361,2362560368
9782362560385,2362560384
9782362560415,2362560414
9782362560422,2362560422
9782362560446,2362560449
9782362560453,2362560457
9782362560477,2362560473
9782362560507,2362560503
9782362560545,2362560546
9782362560552,2362560554
9782362560583,2362560589
9782362560590,2362560597
9782362560606,2362560600
9782362560927,2362560929
9782362560934,2362560937
9782362560972,236256097X
9782362560989,2362560988
9782362560996,2362560996
9782362561009,2362561003
9782362561016,2362561011
9782362561030,2362561038
9782362561054,2362561054
9782362561078,2362561070
9782362561092,2362561097
9782362561139,2362561135
9782362561146,2362561143
9782362561160,236256116X
9782362561184,2362561186
9782362561214,2362561216
9782362561245,2362561240
9782362561269,2362561267
9782362561306,2362561305
9782362561313,2362561313
9782362561344,2362561348
9782362561375,2362561372
9782362561412,2362561410
9782362561429,2362561429
9782362561436,2362561437
9782362561443,2362561445
9782362561504,236256150X
9782362561528,2362561526
9782362561535,2362561534
9782362561634,2362561631
9782362561641,236256164X
9782362561658,2362561658
9782362561733,2362561739
9782362561900,2362561909
9782362561931,2362561933
9782362561948,2362561941
9782362561986,2362561984
9782362562174,2362562174
9782362562242,2362562247
9782362562457,236256245X
9782362562556,2362562557
9782362562679,2362562670
9782362562709,2362562700
9782362562716,2362562719
9782362562952,2362562956
9782362563201,2362563200
9782362563218,
9782362563232,
9782362563270,2362563278
9782362563294,2362563294
9782362563317,
9782362563393,2362563391
9782362563409,
9782362563416,
9782362563423,
9782362563430,
9782362563447,
9782362563454,
9782362563492,
9782362563508,
9782362563522,
9782362563553,
9782362563560,
9782362563577,
9782362563584,
9782362563607,236256360X
9782362590047,
9782362590115,
9782362620003,
9782362620034,
9782362620041,2362620042
9782362620065,
9782362620072,
9782362620089,2362620085
9782362620096,
9782362620133,2362620131
9782362620140,236262014X
9782362620157,2362620158
9782362620171,2362620174
9782362620188,
9782362620195,
9782362620225,2362620220
9782362620270,
9782362620287,
9782362620348,
9782362620355,2362620352
9782362620379,
9782362620386,
9782362620393,2362620395
9782362620409,
9782362620416,2362620417
9782362620430,2362620433
9782362660030,2362660036
9782362660184,2362660184
9782362660290,236266029X
9782362660313,2362660311
9782362660603,2362660605
9782362660610,2362660613
9782362660658,2362660656
9782362660740,2362660745
9782362660924,2362660923
9782362661075,2362661075
9782362661082,2362661083
9782362661129,2362661121
9782362661136,236266113X
9782362661532,2362661539
9782362661570,2362661571
9782362661587,236266158X
9782362661709,
9782362661716,
9782362661723,2362661725
9782362661730,2362661733
9782362661761,2362661768
9782362661839,
9782362661846,
9782362662027,2362662020
9782362662041,2362662047
9782362662096,2362662098
9782362662126,2362662128
9782362662164,2362662160
9782362662218,
9782362662225,
9782362662294,2362662292
9782362662553,2362662551
9782362662560,236266256X
9782362662584,2362662586
9782362662591,2362662594
9782362662645,2362662640
9782362662652,2362662659
9782362662676,
9782362662683,2362662683
9782362662690,2362662691
9782362662706,2362662705
9782362662713,2362662713
9782362662751,2362662756
9782362662768,2362662764
9782362663185,2362663183
9782362663208,2362663205
9782362663215,
9782362663222,2362663221
9782362663239,236266323X
9782362663246,2362663248
9782362663253,
9782362663260,2362663264
9782362663277,2362663272
9782362663307,
9782362663314,2362663310
9782362663321,2362663329
9782362663338,
9782362663345,2362663345
9782362663376,
9782362663383,
9782362663406,236266340X
9782362663420,2362663426
9782362663437,2362663434
9782362663444,2362663442
9782362663451,2362663450
9782362663475,2362663477
9782362663482,
9782362663499,2362663493
9782362663505,2362663507
